0	-60	-0.0258635399240323
0.25	-60	-0.018648836018464
0.5	-60	-0.0332606359597333
0.75	-60	-0.0286485621726208
1	-60	-0.0312278799638319
1.25	-60	-0.0295536700468902
1.5	-60	-0.0359465397428942
1.75	-60	-0.0331898044492187
2	-60	-0.0261062927271552
2.25	-60	-0.0313909528927442
2.5	-60	-0.0241904956791828
2.75	-60	-0.0299313061414687
3	-60	-0.0294688556337814
3.25	-60	-0.0312250445041435
3.5	-60	-0.0274438906244104
3.75	-60	-0.0342222822511124
4	-60	-0.0338032191752113
4.25	-60	-0.0396697286798221
4.5	-60	-0.0315664385064718
4.75	-60	-0.044799623732638
5	-60	-0.0315318380356139
5.25	-60	-0.0302030742420806
5.5	-60	-0.0283669950843432
5.75	-60	-0.0263142737415067
6	-60	-0.02153919660023
6.25	-60	-0.0269347410794785
6.5	-60	-0.027613184146028
6.75	-60	-0.0228404645993169
7	-60	-0.0361123498611755
7.25	-60	-0.0253869027343526
7.5	-60	-0.0241492251295708
7.75	-60	-0.0245904399106647
8	-60	-0.0355279879882186
8.25	-60	-0.0307896936724402
8.5	-60	-0.0360662486023072
8.75	-60	-0.0293640078432545
9	-60	-0.0297788397766082
9.25	-60	-0.0326575582338376
9.5	-60	-0.024674556892714
9.75	-60	-0.025948285945581
10	-60	-0.0252732083865876
10.25	-60	-0.0205457489383585
10.5	-60	-0.0247729015278192
10.75	-60	-0.0333891650309958
11	-60	-0.0261986680671287
11.25	-60	-0.0334553023667004
11.5	-60	-0.0298190880841423
11.75	-60	-0.0311671789478112
12	-60	-0.0305497374221013
12.25	-60	-0.0194654057635739
12.5	-60	-0.0291332331524915
12.75	-60	-0.0297747734679342
13	-60	-0.0413200062250352
13.25	-60	-0.0321051503037379
13.5	-60	-0.0253556409932704
13.75	-60	-0.0288488121749313
14	-60	-0.028679825899464
14.25	-60	-0.027853179983923
14.5	-60	-0.036437777820458
14.75	-60	-0.0293982828203988
15	-60	-0.023714676304234
15.25	-60	-0.0254656155069334
15.5	-60	-0.0230720005415781
15.75	-60	-0.0211058755642067
16	-60	-0.0250142441026358
16.25	-60	-0.0210156388146755
16.5	-60	-0.0193753698120858
16.75	-60	-0.0337024068714084
17	-60	-0.0161140189908286
17.25	-60	-0.0266286742369553
17.5	-60	-0.0278299379399795
17.75	-60	-0.0239681763184006
18	-60	-0.0263627837293516
18.25	-60	-0.0203683819111644
18.5	-60	-0.0249819272412754
18.75	-60	-0.034766382466797
19	-60	-0.0331687593476355
19.25	-60	-0.0304206906664979
19.5	-60	-0.0316291251178779
19.75	-60	-0.0234250206675605
20	-60	-0.0291858233046739
20.25	-60	-0.0277653811779273
20.5	-60	-0.0187481896304261
20.75	-60	-0.0317320935292312
21	-60	-0.029506790870858
21.25	-60	-0.0393081647735632
21.5	-60	-0.0264883889524244
21.75	-60	-0.0258532991900505
22	-60	-0.0264912083672055
22.25	-60	-0.0167041953351575
22.5	-60	-0.0315618437975855
22.75	-60	-0.0355670605802436
23	-60	-0.0359859457361438
23.25	-60	-0.031186546082377
23.5	-60	-0.0325418140183951
23.75	-60	-0.0202541212389057
24	-60	-0.0315899150733446
24.25	-60	-0.028018713260867
24.5	-60	-0.033832296735645
24.75	-60	-0.035305823617626
25	-100	-0.0483427638004649
25.25	-100	-0.0539532387736506
25.5	-100	-0.0624625085005839
25.75	-100	-0.0520054185093907
26	-100	-0.0671505230751762
26.25	-100	-0.0703635786735044
26.5	-100	-0.0461745544307184
26.75	-100	-0.0646317115308521
27	-100	-0.0483690674772974
27.25	-100	-0.0563938432597488
27.5	-100	-0.0457364183348568
27.75	-100	-0.0506125902909812
28	-100	-0.0431336158183319
28.25	-100	-0.0557018599438213
28.5	-100	-0.0392084562434897
28.75	-100	-0.0505581742466423
29	-100	-0.0530675174682047
29.25	-100	-0.0480032353550836
29.5	-100	-0.0371614919661059
29.75	-100	-0.0538917870583657
30	-100	-0.0522344833603847
30.25	-100	-0.0453967554562519
30.5	-100	-0.0508388266375133
30.75	-100	-0.0581944332298935
31	-100	-0.042747776086965
31.25	-100	-0.035742564323318
31.5	-100	-0.0434134443611402
31.75	-100	-0.0402558994375231
32	-100	-0.0525022174487568
32.25	-100	-0.0530319922414452
32.5	-100	-0.0408506487250997
32.75	-100	-0.0580131807930126
33	-100	-0.0420104096027874
33.25	-100	-0.0423534194634198
33.5	-100	-0.0379620633136482
33.75	-100	-0.0381889554815222
34	-100	-0.0319263590807379
34.25	-100	-0.0660445757866739
34.5	-100	-0.0534345476121302
34.75	-100	-0.045598708723633
35	-100	-0.0599992750225823
35.25	-100	-0.0360614334693295
35.5	-100	-0.0375720444776332
35.75	-100	-0.0543494186702325
36	-100	-0.0443678563251281
36.25	-100	-0.0452150977406947
36.5	-100	-0.0402198759246453
36.75	-100	-0.0351925344301942
37	-100	-0.0454132219753984
37.25	-100	-0.042605160860249
37.5	-100	-0.0323825732152844
37.75	-100	-0.0370257990675253
38	-100	-0.0483961965438351
38.25	-100	-0.0434259299278951
38.5	-100	-0.0372559745537121
38.75	-100	-0.0495608314017211
39	-100	-0.0476905417479038
39.25	-100	-0.0327996665526716
39.5	-100	-0.0444837265267713
39.75	-100	-0.0368367547416839
40	-100	-0.0382528167095384
40.25	-100	-0.0311586015509964
40.5	-100	-0.0363638586386411
40.75	-100	-0.0318932538020645
41	-100	-0.0402867161260703
41.25	-100	-0.0416302300751998
41.5	-100	-0.0304766691314886
41.75	-100	-0.0398539814325913
42	-100	-0.0355098203964666
42.25	-100	-0.0390136194534035
42.5	-100	-0.0388979813933737
42.75	-100	-0.0388376436221367
43	-100	-0.0429540678181901
43.25	-100	-0.0351482978741502
43.5	-100	-0.0322935094931656
43.75	-100	-0.0380709367859493
44	-100	-0.0298839687102094
44.25	-100	-0.026704675195895
44.5	-100	-0.0372616871705159
44.75	-100	-0.0302267954090953
45	-100	-0.0282642453148429
45.25	-100	-0.0370808845317206
45.5	-100	-0.0357714621172777
45.75	-100	-0.0252598095136801
46	-100	-0.030518168029303
46.25	-100	-0.0403829968728956
46.5	-100	-0.0378418110631449
46.75	-100	-0.0361410320709678
47	-100	-0.0421803772374911
47.25	-100	-0.0289300708108037
47.5	-100	-0.0349831520133385
47.75	-100	-0.0315838308005083
48	-100	-0.0287251410658226
48.25	-100	-0.0343182601336615
48.5	-100	-0.024888146018642
48.75	-100	-0.0292966549281082
49	-100	-0.0307325999285892
49.25	-100	-0.0295165200070473
49.5	-100	-0.0281746547968706
49.75	-100	-0.0249326784294097
50	-60	-0.0150022311418012
50.25	-60	-0.0190417631632671
50.5	-60	-0.0190769211861614
50.75	-60	-0.0219082411317111
51	-60	-0.0162771564657852
51.25	-60	-0.0198342001208969
51.5	-60	-0.0212593991086107
51.75	-60	-0.0202702441658861
52	-60	-0.0295123598972348
52.25	-60	-0.0264479151612684
52.5	-60	-0.0278591541814209
52.75	-60	-0.0236860589734806
53	-60	-0.0364320954299336
53.25	-60	-0.0319693160828231
53.5	-60	-0.0348404619140214
53.75	-60	-0.0262564607376447
54	-60	-0.031553745361072
54.25	-60	-0.0227168196818308
54.5	-60	-0.0387953983509204
54.75	-60	-0.0240899626367633
55	-60	-0.0265370645631163
55.25	-60	-0.018679591067534
55.5	-60	-0.0269883064460126
55.75	-60	-0.0287607908882853
56	-60	-0.0270379864462895
56.25	-60	-0.0220372699750156
56.5	-60	-0.0185594203484842
56.75	-60	-0.0225493591018172
57	-60	-0.026674571689499
57.25	-60	-0.0223057269331301
57.5	-60	-0.0211775792019111
57.75	-60	-0.0390559668833087
58	-60	-0.0368126395581959
58.25	-60	-0.0295739103546711
58.5	-60	-0.0284281931963267
58.75	-60	-0.0256799464324684
59	-60	-0.0338422248184164
59.25	-60	-0.0265238123975418
59.5	-60	-0.0296969198955507
59.75	-60	-0.0305759890202697
60	-60	-0.0277455958374831
60.25	-60	-0.0230143196444662
60.5	-60	-0.022064230029774
60.75	-60	-0.0273542508504865
61	-60	-0.0193125005721035
61.25	-60	-0.0330562002308039
61.5	-60	-0.0355242386198682
61.75	-60	-0.0199486874667328
62	-60	-0.0313080233831528
62.25	-60	-0.026217697197048
62.5	-60	-0.0313566217064025
62.75	-60	-0.0201354025060774
63	-60	-0.029112591599395
63.25	-60	-0.0237534385819999
63.5	-60	-0.0348214984893381
63.75	-60	-0.0334434180354664
64	-60	-0.0255070438637658
64.25	-60	-0.0293154696649057
64.5	-60	-0.0270525650722025
64.75	-60	-0.0320715049389639
65	-60	-0.0388878330603543
65.25	-60	-0.0246379259858085
65.5	-60	-0.0283879178421915
65.75	-60	-0.0242691256530158
66	-60	-0.0218716790057443
66.25	-60	-0.0268155479448697
66.5	-60	-0.0301194046787684
66.75	-60	-0.0196827749329946
67	-60	-0.0179803305730187
67.25	-60	-0.0330115082080005
67.5	-60	-0.0263363976854598
67.75	-60	-0.0301364262473589
68	-60	-0.0305680111698268
68.25	-60	-0.0313528822935499
68.5	-60	-0.0308383240121567
68.75	-60	-0.0275652777179731
69	-60	-0.02523368521838
69.25	-60	-0.0302940906732511
69.5	-60	-0.0254327708697028
69.75	-60	-0.0278905799462611
70	-60	-0.0287796962040893
70.25	-60	-0.0309221573017137
70.5	-60	-0.0218608390788204
70.75	-60	-0.0356848515394719
71	-60	-0.0296846957863874
71.25	-60	-0.0254090001857656
71.5	-60	-0.0296149383409553
71.75	-60	-0.0222008359157178
72	-60	-0.0299900912966635
72.25	-60	-0.0339942712272973
72.5	-60	-0.0295636708084236
72.75	-60	-0.0284709414157045
73	-60	-0.0233060330205777
73.25	-60	-0.0296293804188425
73.5	-60	-0.0175996726626573
73.75	-60	-0.0270561004224116
74	-60	-0.0260602311126403
74.25	-60	-0.0276640281353543
74.5	-60	-0.0327126076463559
74.75	-60	-0.0302118425197035
75	-40	-0.0185095482023769
75.25	-40	-0.017758221640329
75.5	-40	-0.0228163821688568
75.75	-40	-0.0237447884640496
76	-40	-0.0146644760689724
76.25	-40	-0.0239660259946792
76.5	-40	-0.0245063180349715
76.75	-40	-0.0186293313115311
77	-40	-0.0283460971645016
77.25	-40	-0.0200551160560332
77.5	-40	-0.0239164437962059
77.75	-40	-0.0265869346493929
78	-40	-0.0289682906454337
78.25	-40	-0.0212354078482952
78.5	-40	-0.0271277222534992
78.75	-40	-0.0257445536572647
79	-40	-0.0262169200052929
79.25	-40	-0.0193034604595419
79.5	-40	-0.027565148698615
79.75	-40	-0.0271284856033883
80	-40	-0.0337203311081078
80.25	-40	-0.0299308578835329
80.5	-40	-0.0351482504067325
80.75	-40	-0.0290173481722758
81	-40	-0.0211649221765865
81.25	-40	-0.0241062215142536
81.5	-40	-0.0270455727246046
81.75	-40	-0.0288795806483266
82	-40	-0.0293736408547537
82.25	-40	-0.0275346631586517
82.5	-40	-0.029221139539771
82.75	-40	-0.0323710493408917
83	-40	-0.0252883530121505
83.25	-40	-0.0229347167195806
83.5	-40	-0.0225838327727154
83.75	-40	-0.0193496524839117
84	-40	-0.0263097603842434
84.25	-40	-0.0319669388623463
84.5	-40	-0.0184096557790187
84.75	-40	-0.035087856881662
85	-40	-0.0180533379214956
85.25	-40	-0.0230274896596837
85.5	-40	-0.0218579419361516
85.75	-40	-0.0257866945772543
86	-40	-0.0294297582168322
86.25	-40	-0.0251719326424095
86.5	-40	-0.02388364340144
86.75	-40	-0.0186059429721481
87	-40	-0.0301605858022386
87.25	-40	-0.02404828735478
87.5	-40	-0.0324789863213631
87.75	-40	-0.0234017100572307
88	-40	-0.0280011278126652
88.25	-40	-0.0196618404895163
88.5	-40	-0.0242053489923293
88.75	-40	-0.02927869502316
89	-40	-0.0306021476974152
89.25	-40	-0.0301277328206104
89.5	-40	-0.0315782520037209
89.75	-40	-0.0285252118812092
90	-40	-0.0192554272879201
90.25	-40	-0.0207052481839382
90.5	-40	-0.0330432096468502
90.75	-40	-0.0281304355408731
91	-40	-0.0252832515071763
91.25	-40	-0.0241730368913367
91.5	-40	-0.0279592421321299
91.75	-40	-0.0226168583105344
92	-40	-0.0270313755188076
92.25	-40	-0.031452217577449
92.5	-40	-0.0196486076264764
92.75	-40	-0.0302977444271862
93	-40	-0.0274589352962421
93.25	-40	-0.0305664200368137
93.5	-40	-0.0230234898725658
93.75	-40	-0.0313378883312751
94	-40	-0.0219279941277004
94.25	-40	-0.0356705753390952
94.5	-40	-0.0237475278097796
94.75	-40	-0.031448823066617
95	-40	-0.0180384296173082
95.25	-40	-0.0199044084067954
95.5	-40	-0.0312258444579839
95.75	-40	-0.0246721322612489
96	-40	-0.0307679865359622
96.25	-40	-0.0291504231560632
96.5	-40	-0.0264061779859305
96.75	-40	-0.0214589617937398
97	-40	-0.0280666692365211
97.25	-40	-0.0157578385546023
97.5	-40	-0.0215204759127727
97.75	-40	-0.0276729454242008
98	-40	-0.0285461292341592
98.25	-40	-0.0246473352584806
98.5	-40	-0.0310998359639118
98.75	-40	-0.0299681166191407
99	-40	-0.0297937077157563
99.25	-40	-0.0296799899160794
99.5	-40	-0.0230253475575084
99.75	-40	-0.0347322389480341
100	-60	-0.0511278105104584
100.25	-60	-0.0441102882527962
100.5	-60	-0.0489169268006351
100.75	-60	-0.0314488928958519
101	-60	-0.0353967241311536
101.25	-60	-0.04225796563915
101.5	-60	-0.0236024078113737
101.75	-60	-0.0249237966398122
102	-60	-0.0325946868159437
102.25	-60	-0.0355891458742167
102.5	-60	-0.0291746858822924
102.75	-60	-0.0352211071183683
103	-60	-0.0329152214650041
103.25	-60	-0.0316000927683222
103.5	-60	-0.0314600823949244
103.75	-60	-0.0379889115685345
104	-60	-0.0294286640169725
104.25	-60	-0.0370075337472849
104.5	-60	-0.0380000875182642
104.75	-60	-0.0121870931289818
105	-60	-0.0328870590710958
105.25	-60	-0.0322456969874279
105.5	-60	-0.0294736563277404
105.75	-60	-0.0275561488110514
106	-60	-0.0274089699533217
106.25	-60	-0.0399289906281225
106.5	-60	-0.0278974335770234
106.75	-60	-0.0280571404434331
107	-60	-0.0270785424479949
107.25	-60	-0.0295648320883445
107.5	-60	-0.0284705358906784
107.75	-60	-0.0222843097017493
108	-60	-0.033852550577746
108.25	-60	-0.0275735819617106
108.5	-60	-0.0257125262207016
108.75	-60	-0.0351681176253591
109	-60	-0.0235764998438889
109.25	-60	-0.0303008815032497
109.5	-60	-0.0263095903240926
109.75	-60	-0.0316445857136684
110	-60	-0.0304524845859257
110.25	-60	-0.0264283568929618
110.5	-60	-0.0336429369447592
110.75	-60	-0.0234018682015298
111	-60	-0.0349035365319219
111.25	-60	-0.0199668576388008
111.5	-60	-0.0333281911981
111.75	-60	-0.0318740989048132
112	-60	-0.026184994051704
112.25	-60	-0.0268201775758135
112.5	-60	-0.0275430371980006
112.75	-60	-0.0247013509624766
113	-60	-0.0290893170904926
113.25	-60	-0.028835878996349
113.5	-60	-0.0259392958826802
113.75	-60	-0.0184687992254312
114	-60	-0.0317697747830091
114.25	-60	-0.0331544277496209
114.5	-60	-0.0251255928046104
114.75	-60	-0.0462651851283833
115	-60	-0.0214653721881086
115.25	-60	-0.0199997023453777
115.5	-60	-0.0252339081899069
115.75	-60	-0.0268343517311557
116	-60	-0.0317172614043129
116.25	-60	-0.0279663645526855
116.5	-60	-0.0331620467983761
116.75	-60	-0.0249662267634391
117	-60	-0.0346347939691454
117.25	-60	-0.0306361437625062
117.5	-60	-0.0300403782899855
117.75	-60	-0.0320582483363334
118	-60	-0.0376167822715626
118.25	-60	-0.0327234806289822
118.5	-60	-0.0323714490001587
118.75	-60	-0.0272010828383917
119	-60	-0.03024362716259
119.25	-60	-0.0259648923362176
119.5	-60	-0.0337833314747276
119.75	-60	-0.0354803777792586
120	-60	-0.0282600451475664
120.25	-60	-0.0261070535002386
120.5	-60	-0.0211754506343809
120.75	-60	-0.0391496857413326
121	-60	-0.026835346783754
121.25	-60	-0.0313299989571355
121.5	-60	-0.0212008989258238
121.75	-60	-0.0289932704899197
122	-60	-0.0276905344592277
122.25	-60	-0.0235576242537145
122.5	-60	-0.0209845288997359
122.75	-60	-0.0328791687062929
123	-60	-0.0228604236031539
123.25	-60	-0.0277490763461154
123.5	-60	-0.0376208465983143
123.75	-60	-0.0223405823918882
124	-60	-0.0243549114416742
124.25	-60	-0.03183143591887
124.5	-60	-0.0346116843231872
124.75	-60	-0.0314032534851266
125	-20	0.00201565809790941
125.25	-20	-0.00180779819709999
125.5	-20	-0.00718450916991796
125.75	-20	-0.00339513369874438
126	-20	-0.00261703315204903
126.25	-20	-0.00241906711398709
126.5	-20	-0.000395668497471363
126.75	-20	0.0012466108322878
127	-20	0.00227031989874806
127.25	-20	0.00222021679828731
127.5	-20	0.00133256129579829
127.75	-20	-0.00274940432639433
128	-20	0.00406246624308655
128.25	-20	0.00212724253762069
128.5	-20	0.0024486321225672
128.75	-20	-0.00400371628588338
129	-20	0.00462191992100052
129.25	-20	-0.00491791460157598
129.5	-20	-0.00601464163238377
129.75	-20	-0.00238041663247656
130	-20	-0.00047662094573522
130.25	-20	0.00439220021071888
130.5	-20	-0.000234917837059012
130.75	-20	-0.00415952039987958
131	-20	0.00503313922528482
131.25	-20	-0.000630977489654372
131.5	-20	0.00116823407063191
131.75	-20	-0.00198335434682894
132	-20	-0.00199610835411252
132.25	-20	0.00128982239412676
132.5	-20	-0.00196270200988064
132.75	-20	-0.00113118396583478
133	-20	-0.00283270340637161
133.25	-20	-0.00819296906893293
133.5	-20	0.00618954077507099
133.75	-20	-0.0016889485741877
134	-20	0.00360909793804967
134.25	-20	-0.00675581798067162
134.5	-20	-0.00187382123460854
134.75	-20	0.00138365875998858
135	-20	0.000117669087014052
135.25	-20	-0.00202223696713857
135.5	-20	0.00652497908878641
135.75	-20	-0.00190579455630171
136	-20	-0.00475789178829739
136.25	-20	0.0123633522869436
136.5	-20	0.00485374356050298
136.75	-20	0.00123228364663458
137	-20	-0.0010964566696746
137.25	-20	-0.000428488914961724
137.5	-20	-0.0059565453044299
137.75	-20	0.00942576661954244
138	-20	-0.00192688746852127
138.25	-20	0.000925735069254784
138.5	-20	0.00407349113200621
138.75	-20	-0.0054508431445067
139	-20	0.00254445258139104
139.25	-20	0.00159097678998293
139.5	-20	0.00256512834094575
139.75	-20	0.00146171653070077
140	-20	-0.00479783288805805
140.25	-20	-0.000530619824765451
140.5	-20	-0.0029923432518768
140.75	-20	0.00149782264190898
141	-20	-0.00159987194293838
141.25	-20	0.00141153005781735
141.5	-20	0.00223234526831828
141.75	-20	-0.000754329348780798
142	-20	-0.00555221429020075
142.25	-20	-0.0100216308720794
142.5	-20	0.0026588216760828
142.75	-20	0.00471640616152808
143	-20	0.00187528268999688
143.25	-20	5.63644429176367e-05
143.5	-20	-0.00266169098357435
143.75	-20	-0.00205388107541593
144	-20	0.00812048863665673
144.25	-20	0.00272377616927065
144.5	-20	0.00105410878844412
144.75	-20	-0.00386711772345618
145	-20	-0.00350122289021839
145.25	-20	0.000603633839306741
145.5	-20	-0.0032381275950671
145.75	-20	-0.00239896968312101
146	-20	0.00242318112643394
146.25	-20	0.00145321996076347
146.5	-20	0.00389883337057535
146.75	-20	0.000225399756774293
147	-20	0.00601691978475779
147.25	-20	0.00744184961821313
147.5	-20	-0.00355054399592979
147.75	-20	-0.00245200153308666
148	-20	-0.000944829348634492
148.25	-20	0.00252045803999527
148.5	-20	-0.00444926055266252
148.75	-20	-0.000217749997575824
149	-20	0.000713801239229418
149.25	-20	0.00580158745822747
149.5	-20	-0.00539770296763181
149.75	-20	0.00242626603222277
150	-60	-0.0453227924645999
150.25	-60	-0.0344763344743227
150.5	-60	-0.0374206667883516
150.75	-60	-0.0348922392632558
151	-60	-0.0337602411417978
151.25	-60	-0.0315165192189396
151.5	-60	-0.0382729021614733
151.75	-60	-0.0337334630757765
152	-60	-0.023738491146581
152.25	-60	-0.0346973126870355
152.5	-60	-0.0300883668916657
152.75	-60	-0.0268966577301879
153	-60	-0.019029978616692
153.25	-60	-0.0324359918177048
153.5	-60	-0.0271055531165542
153.75	-60	-0.0235734659977426
154	-60	-0.0318655268119142
154.25	-60	-0.0213278478223498
154.5	-60	-0.0134845031309095
154.75	-60	-0.0192326057784195
155	-60	-0.0181582961586263
155.25	-60	-0.0222861753763078
155.5	-60	-0.0204925568808516
155.75	-60	-0.0326300244978768
156	-60	-0.0205825784207984
156.25	-60	-0.0240210106756798
156.5	-60	-0.0261017976322161
156.75	-60	-0.0284773522287208
157	-60	-0.0238844474256885
157.25	-60	-0.0317397101416467
157.5	-60	-0.0136378283240087
157.75	-60	-0.0273906537432254
158	-60	-0.0318423695792022
158.25	-60	-0.0204281427261109
158.5	-60	-0.0218154805309115
158.75	-60	-0.0225067484047611
159	-60	-0.0213062217868267
159.25	-60	-0.0200958192699287
159.5	-60	-0.0262830771052206
159.75	-60	-0.0239413242346626
160	-60	-0.0258585098740742
160.25	-60	-0.0328571842490863
160.5	-60	-0.01641654660931
160.75	-60	-0.0275781437325403
161	-60	-0.02904943639048
161.25	-60	-0.0159585075394169
161.5	-60	-0.0240144035786477
161.75	-60	-0.0249725185580823
162	-60	-0.0194224951106113
162.25	-60	-0.0249732024563147
162.5	-60	-0.0184306155738373
162.75	-60	-0.0172934729997726
163	-60	-0.0222864195417433
163.25	-60	-0.0244770435235172
163.5	-60	-0.015162958582286
163.75	-60	-0.0237918980949086
164	-60	-0.027467544488483
164.25	-60	-0.026559728391871
164.5	-60	-0.0202818290180779
164.75	-60	-0.020955837421839
165	-60	-0.0234950276790303
165.25	-60	-0.0203865360330948
165.5	-60	-0.0282785657519768
165.75	-60	-0.0288985146268908
166	-60	-0.0248564017140716
166.25	-60	-0.024514851692409
166.5	-60	-0.0246592850013575
166.75	-60	-0.0209770911840004
167	-60	-0.0217944632881293
167.25	-60	-0.0260538671356679
167.5	-60	-0.014752532371467
167.75	-60	-0.0174100134570678
168	-60	-0.0350706804758847
168.25	-60	-0.0187994822932923
168.5	-60	-0.0241883954712243
168.75	-60	-0.0171679198964216
169	-60	-0.023921961024268
169.25	-60	-0.0172294155366011
169.5	-60	-0.0355271907916599
169.75	-60	-0.0246017363126839
170	-60	-0.0144127850390106
170.25	-60	-0.0272581746329335
170.5	-60	-0.0210783515455818
170.75	-60	-0.0213366999210936
171	-60	-0.0266788659043986
171.25	-60	-0.0200318396443544
171.5	-60	-0.0285935969947443
171.75	-60	-0.0279587794138974
172	-60	-0.0194934065566077
172.25	-60	-0.0163345848413968
172.5	-60	-0.0201713587421531
172.75	-60	-0.0227492152189921
173	-60	-0.0282221732279045
173.25	-60	-0.0184014081158684
173.5	-60	-0.0286391324424179
173.75	-60	-0.0226233781907369
174	-60	-0.0237086019945739
174.25	-60	-0.0292059512981682
174.5	-60	-0.0272428931813756
174.75	-60	-0.0262648841720577
175	0	0.0123133213670114
175.25	0	0.0167439624121338
175.5	0	0.0162920774988369
175.75	0	0.0130258088691628
176	0	0.0148792929185396
176.25	0	0.0192211816580336
176.5	0	0.0154645246599267
176.75	0	0.0165477804740228
177	0	0.0203756353976176
177.25	0	0.0215389276812243
177.5	0	0.00658343340426837
177.75	0	0.0271347727568714
178	0	0.0129876318008696
178.25	0	0.0152882764518
178.5	0	0.0228251952016728
178.75	0	0.012591838672288
179	0	0.0214668192133937
179.25	0	0.0160700363885334
179.5	0	0.010273000068947
179.75	0	0.0186252198226192
180	0	0.0231817425520902
180.25	0	0.0163604435740139
180.5	0	0.012317161291721
180.75	0	0.0165466563574647
181	0	0.00960086123344582
181.25	0	0.0123627065424879
181.5	0	0.0209048215298881
181.75	0	0.0149389472109908
182	0	0.0191589195485925
182.25	0	0.0221937585455254
182.5	0	0.0251434525859762
182.75	0	0.0285442431061256
183	0	0.018750986635511
183.25	0	0.0207165610344407
183.5	0	0.0177971337082061
183.75	0	0.0154292687121214
184	0	0.0158788676517629
184.25	0	0.0120025464727522
184.5	0	0.00708173979781112
184.75	0	0.015059931023357
185	0	0.0182438519683739
185.25	0	0.0125234273725842
185.5	0	0.0143750707042518
185.75	0	0.0239125232967887
186	0	0.0253935544548382
186.25	0	0.0257174256609515
186.5	0	0.019441653761675
186.75	0	0.0218846142677535
187	0	0.0128844539120826
187.25	0	0.0227219420452927
187.5	0	0.021878633276767
187.75	0	0.0182039152232514
188	0	0.0167580476732179
188.25	0	0.0165756699501928
188.5	0	0.00914200185788393
188.75	0	0.0126280276368627
189	0	0.0245872703335761
189.25	0	0.0154104021535709
189.5	0	0.0218791938241516
189.75	0	0.00607340518671194
190	0	0.01950138515121
190.25	0	0.018626283852578
190.5	0	0.00651653313079963
190.75	0	0.0256179584916879
191	0	0.0149686052833892
191.25	0	0.0168161020138665
191.5	0	0.0183428026203653
191.75	0	0.0156104746826231
192	0	0.0147292046513712
192.25	0	0.0256861294514231
192.5	0	0.0173016552874076
192.75	0	0.0136741286142736
193	0	0.0194888270572428
193.25	0	0.0156243075445127
193.5	0	0.0177570681696527
193.75	0	0.0163192042778565
194	0	0.0223878870610076
194.25	0	0.0150614939339633
194.5	0	0.00333231744846164
194.75	0	0.0162996426743398
195	0	0.00674937886211516
195.25	0	0.0113935043318799
195.5	0	0.0173986820943316
195.75	0	0.0224594573972366
196	0	0.0170777138919176
196.25	0	0.0248661775774501
196.5	0	0.0173055313899216
196.75	0	0.0161415911609957
197	0	0.0221076659745467
197.25	0	0.0146245258397924
197.5	0	0.0121585837894132
197.75	0	0.00871501915030284
198	0	0.0222510834349807
198.25	0	0.0115750146808989
198.5	0	0.0153159870765766
198.75	0	0.0213632809206169
199	0	0.0220404794146667
199.25	0	0.00953687059209633
199.5	0	0.0188924912374634
199.75	0	0.0224659816928797
200	-60	-0.0180809318478559
200.25	-60	-0.0329667327265072
200.5	-60	-0.0314372254016936
200.75	-60	-0.0248152460046226
201	-60	-0.0324038390374746
201.25	-60	-0.0154950786341431
201.5	-60	-0.0257867069864975
201.75	-60	-0.0165504470023228
202	-60	-0.0264566735052683
202.25	-60	-0.0240910558998343
202.5	-60	-0.0188756379372089
202.75	-60	-0.0153708615098715
203	-60	-0.00637411533415506
203.25	-60	-0.0249536525742657
203.5	-60	-0.0125229872053157
203.75	-60	-0.0176461938007073
204	-60	-0.0183690335620013
204.25	-60	-0.0191641860807175
204.5	-60	-0.0116975702138032
204.75	-60	-0.0209096960671284
205	-60	-0.0160455542119688
205.25	-60	-0.0160599774006078
205.5	-60	-0.0121284981289915
205.75	-60	-0.0189143746551405
206	-60	-0.0210473199271587
206.25	-60	-0.0182876034184478
206.5	-60	-0.0147370333756873
206.75	-60	-0.0163854561019313
207	-60	-0.0169923483936337
207.25	-60	-0.0145018077654143
207.5	-60	-0.0137104901747495
207.75	-60	-0.0265821497305958
208	-60	-0.0161175175984326
208.25	-60	-0.0147924797071224
208.5	-60	-0.0178918414918954
208.75	-60	-0.0185872885957429
209	-60	-0.0188561553115399
209.25	-60	-0.0183618134745137
209.5	-60	-0.0223208803716205
209.75	-60	-0.0186982254732229
210	-60	-0.0114154854497739
210.25	-60	-0.0226684165305478
210.5	-60	-0.0218108651193957
210.75	-60	-0.0199753902959893
211	-60	-0.0207607128662608
211.25	-60	-0.0180380510648167
211.5	-60	-0.0205752588711866
211.75	-60	-0.0237605555384857
212	-60	-0.0138771073397771
212.25	-60	-0.0201408778280181
212.5	-60	-0.0124390717769652
212.75	-60	-0.0249071108034452
213	-60	-0.0293981276622743
213.25	-60	-0.0220882826097147
213.5	-60	-0.0155176237991048
213.75	-60	-0.0139522999246772
214	-60	-0.0239218927216825
214.25	-60	-0.0172152135301192
214.5	-60	-0.0190733724353207
214.75	-60	-0.00987277879813884
215	-60	-0.0100187755023606
215.25	-60	-0.0194492563127989
215.5	-60	-0.0280084169257902
215.75	-60	-0.0212485863828392
216	-60	-0.0143356527259165
216.25	-60	-0.0211794702804315
216.5	-60	-0.0247717037560811
216.75	-60	-0.0197100497582863
217	-60	-0.0152705984404672
217.25	-60	-0.0203942899163891
217.5	-60	-0.0240664084354526
217.75	-60	-0.016899278182061
218	-60	-0.0215437813947705
218.25	-60	-0.0140332841409114
218.5	-60	-0.0230674009986289
218.75	-60	-0.0253233890728772
219	-60	-0.0172751791956445
219.25	-60	-0.0226876316801803
219.5	-60	-0.0270249493001997
219.75	-60	-0.029117873103538
220	-60	-0.0202348291923239
220.25	-60	-0.0170705479240992
220.5	-60	-0.0202259856692683
220.75	-60	-0.0223084292209146
221	-60	-0.0117667529514779
221.25	-60	-0.0260549410706915
221.5	-60	-0.0206831843136943
221.75	-60	-0.022429168452835
222	-60	-0.020948321880279
222.25	-60	-0.018586157230184
222.5	-60	-0.0256215894335216
222.75	-60	-0.0143664159053418
223	-60	-0.0253351277310522
223.25	-60	-0.0221645513469474
223.5	-60	-0.0289483605043267
223.75	-60	-0.022161196342659
224	-60	-0.0239355714615431
224.25	-60	-0.0132381883366887
224.5	-60	-0.0257590915145065
224.75	-60	-0.0220982632414692
225	20	0.0186164564346366
225.25	20	0.0199011846097796
225.5	20	0.0194062892068913
225.75	20	0.0234150162917018
226	20	0.0314154222243218
226.25	20	0.0326579615063229
226.5	20	0.0179072145025451
226.75	20	0.0305289412073824
227	20	0.0191506831715789
227.25	20	0.0196828594310917
227.5	20	0.0159055103119063
227.75	20	0.0218511547840361
228	20	0.0205316800423323
228.25	20	0.032371878418254
228.5	20	0.0331972457181613
228.75	20	0.0285525940565989
229	20	0.0263799305083408
229.25	20	0.0238833385124182
229.5	20	0.0101555131371339
229.75	20	0.015896100196113
230	20	0.0225040266201916
230.25	20	0.0238636611850648
230.5	20	0.0159809597436987
230.75	20	0.0106870792197294
231	20	0.0331278219023321
231.25	20	0.019754727993668
231.5	20	0.0230762468711337
231.75	20	0.0212297619977995
232	20	0.0210367226320095
232.25	20	0.0247949536240631
232.5	20	0.0175062497926059
232.75	20	0.0160553017792133
233	20	0.0234538083349003
233.25	20	0.0210728514558305
233.5	20	0.0173958769762766
233.75	20	0.0278491730753289
234	20	0.0235707095540694
234.25	20	0.0198750547301189
234.5	20	0.0136287018581797
234.75	20	0.0173821876499925
235	20	0.0184022182869387
235.25	20	0.0159047077021518
235.5	20	0.0117888891832157
235.75	20	0.0127733997757192
236	20	0.0107973893207224
236.25	20	0.013894512258902
236.5	20	0.0193315472623894
236.75	20	0.00808735914817645
237	20	0.0150122052509895
237.25	20	0.000721639549819516
237.5	20	0.0168731873303944
237.75	20	0.0149252321925218
238	20	0.00768414060468063
238.25	20	0.016112581116783
238.5	20	0.0117221976140296
238.75	20	0.0158680554315676
239	20	0.0182603395580796
239.25	20	0.0171272247610168
239.5	20	0.00785998500590218
239.75	20	0.0075330949268125
240	20	0.0114624322569214
240.25	20	0.011337522387231
240.5	20	0.00954469384939363
240.75	20	0.00917969999038479
241	20	0.0156415085361404
241.25	20	0.0117806574651491
241.5	20	0.0142928639775145
241.75	20	0.0147960587387522
242	20	0.0114099273876294
242.25	20	0.00703155462874932
242.5	20	0.0035296574332043
242.75	20	0.00817406705562973
243	20	0.00699897867568612
243.25	20	0.0163004693842905
243.5	20	0.0136582160594073
243.75	20	0.0134298692345148
244	20	0.0090451573348042
244.25	20	0.00959332542152073
244.5	20	0.00445663461302104
244.75	20	0.0185396205179006
245	20	0.00958856066133843
245.25	20	0.00672456978060531
245.5	20	0.0055207288657103
245.75	20	0.00594482427435943
246	20	0.0131070647712137
246.25	20	0.00725944320456559
246.5	20	0.0082250512007777
246.75	20	0.00649520925777347
247	20	0.00664765026210235
247.25	20	0.00658376380576008
247.5	20	0.00259311487984486
247.75	20	-0.000370880115769837
248	20	0.00900988590283256
248.25	20	0.00485731050672642
248.5	20	0.00511930716249331
248.75	20	-0.00628007393611862
249	20	0.00567054477528379
249.25	20	0.00282511349767835
249.5	20	0.00338109057942515
249.75	20	-0.000106651839083947
250	-60	-0.005679191005845
250.25	-60	-0.0130114175885568
250.5	-60	-0.00598728542909451
250.75	-60	-0.00821241537819848
251	-60	-0.00574588615855228
251.25	-60	0.000361448563158016
251.5	-60	-0.00657299990134836
251.75	-60	-0.00473886719978515
252	-60	-0.0106027498305125
252.25	-60	-0.00375703216115886
252.5	-60	-0.0095324151963184
252.75	-60	-0.00422173651396994
253	-60	-0.005225816385095
253.25	-60	-0.0045076080552588
253.5	-60	-0.00096557839732007
253.75	-60	-0.0066378854575185
254	-60	-0.00838994130921108
254.25	-60	-0.00737317171716578
254.5	-60	-0.00695184365315219
254.75	-60	-0.00841460537166317
255	-60	-0.00850920631859198
255.25	-60	0.00206811831961716
255.5	-60	-0.00370858033117332
255.75	-60	-0.00830925703406629
256	-60	-0.00519151140464854
256.25	-60	-0.00115739424880819
256.5	-60	-0.00991526575170798
256.75	-60	-0.00699170343136687
257	-60	-0.00060812967424239
257.25	-60	-0.00752611821794207
257.5	-60	-0.00726443408032795
257.75	-60	-0.00919365609297576
258	-60	-0.01137321518175
258.25	-60	-0.00587369863400777
258.5	-60	-0.00760774930430173
258.75	-60	-0.00739969669013227
259	-60	-0.0048897771712548
259.25	-60	-0.0034259529230216
259.5	-60	-0.0126178741147988
259.75	-60	-0.00559608147525343
260	-60	-0.00767795098260895
260.25	-60	-0.00947030744685189
260.5	-60	-0.00920617778233254
260.75	-60	-0.0018945020603033
261	-60	-0.00751272528438213
261.25	-60	-0.0138807407845735
261.5	-60	-0.011638465527983
261.75	-60	-0.00943740585073555
262	-60	-0.0105257589703361
262.25	-60	-0.0146296373768295
262.5	-60	-0.0137790369011993
262.75	-60	-0.0106101174249301
263	-60	-0.0118505418175572
263.25	-60	-0.0129170921720857
263.5	-60	-0.0140471974517564
263.75	-60	-0.0100088929420713
264	-60	-0.0107827612457623
264.25	-60	-0.00459098503492884
264.5	-60	-0.0166152658170327
264.75	-60	-0.0154997190897176
265	-60	-0.0115776980837029
265.25	-60	-0.00929253212552544
265.5	-60	-0.0171063487772554
265.75	-60	-0.0137626850894995
266	-60	-0.00872695383263949
266.25	-60	-0.0137632490884254
266.5	-60	-0.0140380468953097
266.75	-60	-0.0172115916647235
267	-60	-0.0181711820805129
267.25	-60	-0.00874017883815075
267.5	-60	-0.00855519573952583
267.75	-60	-0.0120921682622132
268	-60	-0.0156721033238086
268.25	-60	-0.0126229134322885
268.5	-60	-0.012538372277822
268.75	-60	-0.0137650610439499
269	-60	-0.0171530390042319
269.25	-60	-0.0154483892615934
269.5	-60	-0.0103114267778856
269.75	-60	-0.0129512836492072
270	-60	-0.0165916648556073
270.25	-60	-0.0157435532542069
270.5	-60	-0.0206525005477716
270.75	-60	-0.0125217180514885
271	-60	-0.0118875658346463
271.25	-60	-0.00998346360285405
271.5	-60	-0.0160801092265851
271.75	-60	-0.0125342967744721
272	-60	-0.0141028108625966
272.25	-60	-0.0113440334498078
272.5	-60	-0.00945703412122241
272.75	-60	-0.0152897440712368
273	-60	-0.02071322901077
273.25	-60	-0.0134721748320573
273.5	-60	-0.00843023119754776
273.75	-60	-0.0155275207922383
274	-60	-0.0207237356779053
274.25	-60	-0.00743682670336459
274.5	-60	-0.0181413271348105
274.75	-60	-0.0237428529741202
275	-57.452467607723	-0.019837248781534
275.25	-47.7766927296637	-0.0157397540014161
275.5	-31.1662798593533	-0.0101929737369833
275.75	-12.1549720317688	0.00628870218460489
276	3.95664360794441	0.016094126849807
276.25	10.4768594566003	0.0160724044119437
276.5	4.17431395359661	0.00835336257639703
276.75	-12.303777878275	-0.000728070882850857
277	-37.151455579177	-0.0106384738928655
277.25	-67.7474701163774	-0.0287811133404171
277.5	-94.1068229008907	-0.0481530893926717
277.75	-107.200576804045	-0.0498557314273852
278	-106.874341451294	-0.0578680704416646
278.25	-94.3749168154745	-0.0608373851613769
278.5	-71.7547087092062	-0.0461701927062273
278.75	-49.1076107264066	-0.026695494612512
279	-38.1048299493042	-0.0147621836235649
279.25	-43.0602709414373	-0.0119909785309823
279.5	-60.7761827664122	-0.018872582306423
279.75	-81.1808783735863	-0.0459220033799416
280	-90.8177802646099	-0.0590616795248392
280.25	-84.3046434511238	-0.037134308723036
280.5	-66.8882926014834	-0.0381124165877305
280.75	-44.0909666813488	-0.0116077865541009
281	-22.4862928284271	5.5624985340856e-05
281.25	-13.1878455613407	0.0147199287486162
281.5	-21.0450439997524	-0.00189832243233323
281.75	-40.2700541220693	-0.0210965164358869
282	-62.2694314007004	-0.0398345745511469
282.25	-78.4605770563947	-0.0341544745956388
282.5	-83.979287725039	-0.0499057228709872
282.75	-78.8309854269976	-0.048986501098062
283	-63.5071556199387	-0.0304141536298967
283.25	-44.2715691338246	-0.0174789527588618
283.5	-33.2376772976669	-0.0162744147050817
283.75	-36.0333976832866	-0.003717410542747
284	-47.555413749965	-0.0275875146235608
284.25	-58.97141238001	-0.0266910748159875
284.5	-65.1313980812054	-0.032089226539665
284.75	-65.9066768559188	-0.0349185794916253
285	-63.4720882462092	-0.0345435639121893
285.25	-60.3971843853287	-0.0235232427134497
285.5	-57.645943617475	-0.0249289077875379
285.75	-55.5640511956968	-0.0262561244399074
286	-57.1489325484237	-0.0221630413329237
286.25	-63.6094378925996	-0.0333082489442554
286.5	-70.153246895978	-0.0422203920026463
286.75	-71.9393044443664	-0.0403276375977821
287	-69.4390872021478	-0.0287045517476442
287.25	-65.3814628824934	-0.0280157873958836
287.5	-58.8563930766147	-0.0200613424381706
287.75	-47.113768851805	-0.0203571628676815
288	-33.4705082670936	-0.0125673111428748
288.25	-25.5070828707133	-0.00578527570374417
288.5	-27.1284608005768	-0.00695117322628822
288.75	-37.9040929945668	-0.0104125993311389
289	-52.33877886524	-0.0247523600817905
289.25	-59.9912842640779	-0.0460420293687334
289.5	-55.4080618963215	-0.0252229683612834
289.75	-42.9615350791304	-0.0205466949219427
290	-30.3337152600118	-0.0134094061056828
290.25	-23.0835180459504	0.00703162519623865
290.5	-24.370137641758	0.000110665348925171
290.75	-34.2413535361295	-0.0137548391639219
291	-45.9557862693873	-0.021583534056169
291.25	-49.2752594169735	-0.0240186921481323
291.5	-40.8565262584389	-0.0179494632395873
291.75	-28.5760541041661	-0.00634988857734252
292	-23.4769591951433	-0.00493377464210316
292.25	-29.1314335036077	-0.0105263177199371
292.5	-41.1271033543647	-0.0177932414050407
292.75	-50.8288284396791	-0.0323758356250728
293	-50.8210619542237	-0.0173567753723246
293.25	-43.1042911916739	-0.0197433162782598
293.5	-38.8024699436623	-0.0239684947424408
293.75	-47.4083978116194	-0.0335306339006346
294	-67.0246006755166	-0.0492463135796774
294.25	-87.1433775556765	-0.0662225171003328
294.5	-98.2766109376257	-0.0662422569376134
294.75	-97.3849148986331	-0.0928955056602753
295	-89.310480204668	-0.0641226228003858
295.25	-83.2893575004081	-0.0553444140173252
295.5	-83.2547213107675	-0.0560394501496076
295.75	-83.3434965579481	-0.0470919299338587
296	-77.9795876468056	-0.0548572750603244
296.25	-67.2696179793989	-0.0280957880101231
296.5	-52.5627295089596	-0.0373041875944486
296.75	-37.0395477974699	-0.0122171640909635
297	-25.0307314168483	-0.000970215611476574
297.25	-17.1435258556174	0.00639597855811353
297.5	-10.2414084904796	0.0073097693565885
297.75	-5.8131434350999	0.0146942782135417
298	-12.1293972103286	0.00141553967003558
298.25	-30.6567256148025	-0.0112157633779347
298.5	-51.4284547919649	-0.0301927726617681
298.75	-67.7121469010593	-0.0448127466936864
299	-81.7835360966454	-0.0509028888706394
299.25	-93.9506610251171	-0.0788584712539356
299.5	-99.6515753640251	-0.0555587824204632
299.75	-96.3931355507677	-0.0504341972110685
300	-126.898112388671	-0.104788170208147
300.25	-116.940777341054	-0.0887033858699139
300.5	-110.216357447455	-0.0805562979120755
300.75	-105.815540807475	-0.0971067188409251
301	-103.229619522136	-0.106461617280549
301.25	-105.744978530853	-0.0766153001618689
301.5	-111.267051507638	-0.107941727362778
301.75	-110.610061945077	-0.0828347949882874
302	-100.681559679074	-0.0743893932225589
302.25	-89.4747227156105	-0.0788664276046972
302.5	-86.8548917250027	-0.0617886011446429
302.75	-94.1831058895556	-0.0563329022919966
303	-104.974336481398	-0.0701100829491789
303.25	-109.98467477852	-0.0815523705667572
303.5	-104.211339944283	-0.0873902601744102
303.75	-90.8732710543419	-0.0697332403170068
304	-74.7371038643057	-0.0551047168911222
304.25	-60.8846862364709	-0.0378842377606099
304.5	-54.7617446299519	-0.0300505581067699
304.75	-57.4779192117847	-0.0294383952808178
305	-66.0598668309601	-0.0412307687397901
305.25	-77.6248675147296	-0.0530979018173417
305.5	-94.2905648791133	-0.0784840641477811
305.75	-117.046349933662	-0.0843524949293951
306	-139.697477159656	-0.0732256606105117
306.25	-156.878220872321	-0.121803719035446
306.5	-164.779853924494	-0.114177584973075
306.75	-158.790033786383	-0.125081795317453
307	-140.503014248862	-0.116187015321341
307.25	-118.98440107367	-0.0690521773282178
307.5	-101.772430859594	-0.0632518964532157
307.75	-88.1696896213896	-0.0605950433136005
308	-77.4007581142255	-0.039285151899625
308.25	-77.8321234674083	-0.0349816587290315
308.5	-94.6610025578148	-0.039369520008834
308.75	-117.555893370276	-0.0695703311146055
309	-133.4588373517	-0.0886519022821848
309.25	-137.476958508266	-0.0978554626724437
309.5	-129.284362623518	-0.0876366548072137
309.75	-112.859971205145	-0.0611372325827689
310	-93.2056687823893	-0.0631180067854393
310.25	-73.5465857435776	-0.0406292131316893
310.5	-59.9814248684526	-0.0360157021665399
310.75	-59.1687790554849	-0.031577545356495
311	-69.8546312737834	-0.0320270161569377
311.25	-80.4090700193908	-0.0471246706693498
311.5	-80.5920301799329	-0.0534036947984909
311.75	-76.7692010215151	-0.0342390970481614
312	-81.6084941603393	-0.0415759392608098
312.25	-93.2880927284261	-0.0584726742118249
312.5	-102.465210368362	-0.0641736928400478
312.75	-106.129400438085	-0.0485027930219457
313	-102.435015519552	-0.0482643117009464
313.25	-89.462812935222	-0.0478682386373004
313.5	-73.0053190541369	-0.0337225180470827
313.75	-63.8084134253842	-0.0336863402102761
314	-67.5738362848774	-0.0265138072121739
314.25	-79.7244282103928	-0.0345092203405355
314.5	-90.4156551191937	-0.0465493988132761
314.75	-96.1307596273749	-0.0447396592056697
315	-98.1256362722215	-0.0434214813119765
315.25	-92.2622652353608	-0.0353550128914846
315.5	-75.3726111865431	-0.0359102599174983
315.75	-53.4492178025076	-0.0226593822038589
316	-37.6805182385725	-0.013556055781396
316.25	-40.3101934921293	-0.0166159911252076
316.5	-64.5628921717062	-0.038026657648677
316.75	-96.020732163879	-0.0562832169254266
317	-114.796747331006	-0.0806960414548698
317.25	-112.920531551646	-0.0762198606520324
317.5	-96.5975224650662	-0.0758763889926113
317.75	-78.8865676275471	-0.0514016759321913
318	-73.2537213317	-0.0400661530632875
318.25	-86.4588023014236	-0.0401042944844257
318.5	-112.00940375798	-0.0662822285357678
318.75	-135.477515392863	-0.0778496916975479
319	-147.617673747286	-0.114021001814315
319.25	-148.526539834163	-0.0993367539850399
319.5	-143.052099774707	-0.0781269891387178
319.75	-136.066100182296	-0.0837912566300934
320	-126.975616414199	-0.0885361999639458
320.25	-111.347643084272	-0.0752787169458113
320.5	-91.681567452771	-0.0518197915343958
320.75	-76.2269678107128	-0.0317118187372437
321	-68.0528939717754	-0.0375803366100719
321.25	-64.1001766956408	-0.0255372512716618
321.5	-59.5881918702898	-0.022307870201537
321.75	-52.4876475322976	-0.0258622832301574
322	-47.6776222720604	-0.0249629844755291
322.25	-51.9093815493357	-0.0303841021968812
322.5	-66.6472236234247	-0.0347055205984102
322.75	-86.4898696212196	-0.0585743702353845
323	-103.033611109537	-0.0734268795576642
323.25	-112.307666036981	-0.0809955469570771
323.5	-112.879974844527	-0.0682753688335185
323.75	-106.235361762788	-0.0768160439727553
324	-101.969645784297	-0.0662910114204333
324.25	-107.333929251683	-0.0825693217732978
324.5	-118.029814072671	-0.0913879044405761
324.75	-125.196108114082	-0.0757456980824734
325	-85.4006560074798	-0.0692054897360303
325.25	-82.5706759727459	-0.0478252053254359
325.5	-82.1413338902806	-0.0481162670084392
325.75	-85.6497354987676	-0.0454502609817589
326	-90.5992825328008	-0.0604894276061513
326.25	-93.903561647315	-0.0552196641797315
326.5	-93.2624395427252	-0.0755610495631833
326.75	-88.0041992706644	-0.0513999092115653
327	-78.36365996389	-0.0435097228265237
327.25	-64.2676684894662	-0.0372043487889106
327.5	-48.8120107277075	-0.0225721609972273
327.75	-37.6121138626653	-0.0191798723113663
328	-34.6382625954283	-0.0114774953621209
328.25	-39.4552706950741	-0.00980280784881729
328.5	-46.0855536389263	-0.0283060852649164
328.75	-47.5195524162096	-0.0191624935523462
329	-42.0730641239099	-0.0227373592176933
329.25	-34.3404459813531	-0.0265545753189934
329.5	-27.8219540469936	-0.0184100224478287
329.75	-21.0979345069027	-0.00673195617794686
330	-13.7817031863269	-0.00157358473285066
330.25	-6.57183394724893	0.0204974539482216
330.5	0.420924678785852	0.0292431841648191
330.75	3.31913672880002	0.0312531806325841
331	-2.67960333639917	0.0242837539879511
331.25	-17.7746457190587	0.000124692647975811
331.5	-36.0353374228654	-0.0200974624910132
331.75	-47.3011992999296	-0.0390476596493012
332	-48.5007901472475	-0.037019952749102
332.25	-49.0030672579752	-0.0366656401167827
332.5	-58.023320225159	-0.0444214030010736
332.75	-74.2730863868994	-0.065363508167302
333	-90.2842869102234	-0.0834997482429271
333.25	-100.352423632295	-0.0929893479896632
333.5	-103.799735060647	-0.0849473952139127
333.75	-102.565935456449	-0.104335510945075
334	-96.883702710485	-0.0714099446647455
334.25	-87.1962705372489	-0.0678610952750716
334.5	-76.0182560476553	-0.056790919797163
334.75	-66.3258167625814	-0.050170445613794
335	-63.3776253076936	-0.0391631308986785
335.25	-73.0432996356976	-0.0556265586757682
335.5	-91.5168208709079	-0.0590556272742167
335.75	-104.36095939136	-0.0738028630442795
336	-104.140164063072	-0.0895749049328493
336.25	-95.3912341816114	-0.0840435139516773
336.5	-82.1235813947435	-0.0601218579341741
336.75	-68.5040013008284	-0.0364302773743745
337	-61.0834255228846	-0.0243770731849749
337.25	-60.1170674299713	-0.0357138965572979
337.5	-62.2112625233066	-0.0321569921961434
337.75	-68.0373682593799	-0.0377737186303673
338	-76.9657919112641	-0.0503297459476642
338.25	-84.6574338730159	-0.048586832226744
338.5	-88.894021842628	-0.0463779753844767
338.75	-88.3816918628103	-0.0532206475472831
339	-82.0912074211461	-0.0430377431993777
339.25	-74.13367912455	-0.0445365526322494
339.5	-70.9471482887781	-0.0424212149747357
339.75	-76.3774446719327	-0.039893832406588
340	-89.0719860011621	-0.0442213497346892
340.25	-100.506063186556	-0.0518067975834395
340.5	-102.03332327563	-0.0521744205497586
340.75	-93.5853585087503	-0.0443624460351489
341	-82.4303066105235	-0.04210628688613
341.25	-73.5640628474447	-0.0276058634441404
341.5	-67.3229419407584	-0.0245172834252333
341.75	-66.4383104895495	-0.0333777531687672
342	-72.2484734689232	-0.0371160414540557
342.25	-80.214468950536	-0.0386432639200036
342.5	-85.2566207227681	-0.03096794346486
342.75	-84.8636779864214	-0.0367197779713165
343	-79.4384521348433	-0.0425334489434449
343.25	-69.2807367361095	-0.0262370504671865
343.5	-53.145264883206	-0.0277724587295593
343.75	-33.7893586460446	-0.00445173381429383
344	-20.0867689970954	-0.000815898576231933
344.25	-18.8610537725814	0.00403283311360103
344.5	-28.2367666597282	-0.0133833079945797
344.75	-42.1285058491161	-0.0154534057104146
345	-54.3448605161877	-0.0210178480319858
345.25	-58.6005184411726	-0.0306453981466005
345.5	-51.2321218169342	-0.0240323421645688
345.75	-36.0484792674024	-0.0186877108717092
346	-22.5116483782003	-0.0044386792625873
346.25	-14.446169148854	0.00955650926449949
346.5	-11.8848570278473	0.00508742367300224
346.75	-18.2670238026683	0.00271391860774539
347	-32.0010982262628	-0.0183532377707934
347.25	-45.9127797366613	-0.0320070426174285
347.5	-55.7996393796481	-0.0289701296744904
347.75	-62.5839924955235	-0.0361040018571897
348	-70.7657109161237	-0.0458690509510299
348.25	-81.631042764	-0.0609617414939813
348.5	-92.2553356855	-0.0666742181390393
348.75	-100.673654631669	-0.062877719754169
349	-104.178772744809	-0.0627788150958541
349.25	-100.802318157385	-0.0874536674140986
349.5	-90.7619464028104	-0.0499333093396411
349.75	-73.1177961375474	-0.0436346273796148
350	-31.5788281532184	-0.0142391503489211
350.25	-16.8088434023717	-0.0039914018057224
350.5	-15.0597102489602	0.00990898511245885
350.75	-21.9303826531668	-0.00584154148629174
351	-29.598719907281	-0.0124547149784199
351.25	-36.262879529324	-0.0218617612905522
351.5	-43.0970918119674	-0.0238437632661861
351.75	-46.6367470898679	-0.0346215498277733
352	-45.2891563834007	-0.0245733037657102
352.25	-43.95339651961	-0.0321808708030962
352.5	-43.5068851674822	-0.0232124105291953
352.75	-40.564413834044	-0.0297354096151069
353	-37.326263965665	-0.0199497273869366
353.25	-38.7939599302306	-0.0100682612211701
353.5	-46.8471071136375	-0.0409995366975923
353.75	-59.0845783550284	-0.0336774966864811
354	-69.8699318979583	-0.0567637136071386
354.25	-73.6613885348056	-0.0500404501927441
354.5	-68.5720096836285	-0.0584493716607435
354.75	-60.8430435682732	-0.0407118495800524
355	-58.1456588877636	-0.0340581443201676
355.25	-56.5260655528626	-0.0332875307997874
355.5	-47.7738648462312	-0.00869732576624296
355.75	-32.0348432170166	-0.00587689987231306
356	-12.0136268498913	0.00588330787264478
356.25	10.1443618443293	0.0274674912446537
356.5	28.6755028106542	0.0297439711639106
356.75	37.1216615716093	0.0294645747420802
357	34.1230858702705	0.0028584751781304
357.25	25.5444851944569	0.00938466634183026
357.5	14.9982505527479	0.00462871001485086
357.75	-0.558783102397712	0.00675178743507078
358	-18.1921849278968	-0.00202294988455938
358.25	-28.8646178103102	2.87630197391346e-05
358.5	-32.2080291641298	0.0027416181492126
358.75	-36.3289471103669	-0.00437399701645742
359	-44.6221758432055	-0.00893765423334933
359.25	-52.7852454585376	-0.00667350172811886
359.5	-54.6091334630458	-0.00602447077682227
359.75	-47.1906696262784	0.00219712011051661
360	-34.6130735338323	-0.00123928588627122
360.25	-26.4654628070678	0.00451330719556538
360.5	-32.9626857617521	-0.00487074160815096
360.75	-55.7034251131891	-0.00757241585418742
361	-81.5477015677718	-0.0187675681053967
361.25	-95.6356410177418	-0.023819397495467
361.5	-96.9616960673169	-0.0174262677284182
361.75	-94.1125116444405	-0.0259789548642921
362	-90.6374705194136	-0.0291672109561011
362.25	-81.0671863626606	-0.0268295745035521
362.5	-63.333550963417	-0.0127732322513149
362.75	-46.9624430094662	-0.0124094360034339
363	-40.3446676243833	-0.010219351796509
363.25	-40.2145632825485	-0.0097941483741621
363.5	-38.408110699296	-0.00913303330614874
363.75	-30.3364815217978	-0.00161412551654371
364	-19.257573633339	0.00328645992087741
364.25	-12.2332989970646	0.00502320369534369
364.5	-11.5769087421717	-0.0011737330111474
364.75	-13.2957579921428	0.00795640446997673
365	-13.1647136464165	0.00117095847990424
365.25	-12.3487858179813	0.00756023737690891
365.5	-12.9690314393707	0.00915424734396569
365.75	-14.6588747935481	0.00258624913368433
366	-17.5626282799718	0.00477910210569381
366.25	-20.2887195489876	0.00635164486315203
366.5	-20.6456854662696	-0.0040076903777253
366.75	-19.9795760621881	-0.00883845679478143
367	-19.0264287245829	0.00257066306585207
367.25	-15.4303844962512	0.002360659163157
367.5	-9.65307555249246	0.00717213643857639
367.75	-6.479167612891	0.000400766173789647
368	-7.87562898841649	0.00785945311108639
368.25	-8.82787437025722	0.00401421223647786
368.5	-6.62388686338264	0.00507265647140178
368.75	-7.87627421119677	0.00560711074799207
369	-17.4886846478072	0.00153209480925807
369.25	-31.7098244869925	-0.00395765933384848
369.5	-47.6068333530685	-0.0104394618102158
369.75	-66.6482529820647	-0.0276341378852664
370	-85.443509391865	-0.019868127809599
370.25	-94.4520462759782	-0.0285147238627918
370.5	-88.9571867451673	-0.0330243046253309
370.75	-73.1102467692749	-0.0256612032447283
371	-54.2030506143211	-0.0207081995892078
371.25	-36.6521759108839	-0.00883649072860705
371.5	-19.3073083008835	-0.00218222732712219
371.75	0.93876955870801	0.0174611904889178
372	22.606729064237	0.022992141208046
372.25	38.6907108993866	0.0103020597721329
372.5	44.1939032497985	0.0193579761116049
372.75	40.9342841315478	-0.00279593810376682
373	31.3726446962353	-0.00186647417639864
373.25	14.2596675193501	0.010008545806328
373.5	-11.3242952647614	0.00532648280938369
373.75	-42.4107422801806	-0.0043086314823639
374	-70.7818311817872	-0.00611148067692875
374.25	-86.1761014065648	-0.00482600909764841
374.5	-85.8890956337192	-0.0109334991355433
374.75	-77.9846400432743	-0.00767314877373002
375	-91.9947028207558	-0.0127871449420381
375.25	-88.8968574001719	-0.0188961884005095
375.5	-82.673658913597	-0.0118486260313773
375.75	-69.4672075918702	-0.0162968318085853
376	-52.9178617812274	-0.0085675352546296
376.25	-40.4586894608885	-0.00761796925624473
376.5	-36.2673553547567	-0.00297823638359239
376.75	-41.3115093601081	-0.00709081923071418
377	-54.6517733779575	-0.00729013025845109
377.25	-70.3049896814773	-0.00622193668293652
377.5	-79.3414388268248	-0.0155085997751056
377.75	-78.3764790828495	-0.00633938669803845
378	-73.0189153825908	-0.00662840064638266
378.25	-70.0312454946531	-0.0188629896648328
378.5	-69.3402521708165	-0.0201900583284925
378.75	-67.7378175568632	-0.0113377237470194
379	-65.802501789555	-0.0151665887375345
379.25	-66.8904405830267	-0.0118787062721425
379.5	-69.9895614666351	-0.0098417755134103
379.75	-71.0645305594813	-0.00651116292342294
380	-72.3069529215751	-0.0150828511552795
380.25	-77.8107021175648	-0.0113599153548964
380.5	-84.6169602556682	-0.0132998750662664
380.75	-88.1428099748455	-0.020366424487116
381	-88.1256533509475	-0.025288331382418
381.25	-84.5196784519398	-0.0188946256444647
381.5	-74.8036039104085	-0.0135691508748906
381.75	-61.1927744567376	-0.0126497620152105
382	-51.9506356829414	-0.0112461350395116
382.25	-48.8084054877076	-0.0169070220694235
382.5	-48.6726178317279	-0.011306389450505
382.75	-55.1738275263662	-0.01783863682288
383	-69.9691883462442	-0.0208249352837644
383.25	-82.8936841311556	-0.0159041417849375
383.5	-83.6724479990106	-0.0263387363916671
383.75	-74.7534676802203	-0.0192148776412548
384	-65.6686624253243	-0.0102969911800464
384.25	-59.9869243043428	-0.0182403312916981
384.5	-54.4101384673856	-0.0118447397361819
384.75	-48.9144898214259	-0.00634855084284026
385	-49.1527294195123	-0.00874037756163248
385.25	-56.4213879998618	-0.0179160688807651
385.5	-63.8843144305128	-0.0250856427039149
385.75	-66.0099645906229	-0.0238328882101259
386	-65.7595592342818	-0.0214046560577703
386.25	-69.034655525149	-0.019496526878965
386.5	-73.3657876293017	-0.0191740857527633
386.75	-70.8635849487033	-0.014457473228972
387	-61.7295149633498	-0.011290947513965
387.25	-52.1766130395089	-0.00566362958591759
387.5	-43.69356539817	-0.0089307818697728
387.75	-36.1794107287436	-0.00777572621517606
388	-35.582065119309	-0.0146662307070482
388.25	-46.8941958438675	-0.0188447923616725
388.5	-60.7747659382606	-0.00999251802738021
388.75	-61.1449824289726	-0.0206074044202164
389	-47.935025968184	-0.00799251616472512
389.25	-35.7550668084039	-0.00715811791395446
389.5	-33.8308999696959	-0.00764598208784359
389.75	-38.2326186879855	-0.019643898791973
390	-39.6620278685659	-0.011258164009328
390.25	-37.4382592704668	-0.0132676950020028
390.5	-39.0958753146383	-0.0153181231594535
390.75	-48.3588354633844	-0.0207967005960402
391	-63.9332785206011	-0.0251700632724142
391.25	-80.2389081665742	-0.0320952984403517
391.5	-86.6831709161958	-0.0427605350289671
391.75	-77.8458743711598	-0.0305875749327681
392	-61.3554097952366	-0.032418152834043
392.25	-48.0567448511253	-0.0116243525044879
392.5	-39.8285712686161	-0.00980679333025108
392.75	-33.2197161581279	-0.00750143413835711
393	-27.8498544907291	-0.00333788582572099
393.25	-23.6599510573662	0.00558903700842752
393.5	-19.0018043533331	-0.00367685170707971
393.75	-17.305200836298	0.0079941170182741
394	-23.4528337475762	0.000112699353896299
394.25	-33.0165651866412	-0.00304630623487155
394.5	-37.2180325946556	-0.0108674859657591
394.75	-34.6140578587219	-0.00569444129545163
395	-33.1049821051944	-0.0135492113898249
395.25	-42.2646696758245	-0.0191870384586184
395.5	-59.0883572220125	-0.034468920812783
395.75	-71.3804810511639	-0.0322863990801999
396	-78.2696206733357	-0.0496698705687757
396.25	-84.5083131591031	-0.0313992652560951
396.5	-82.4540193796193	-0.0437374184344492
396.75	-65.6990754188147	-0.0205920898383103
397	-44.3837636264244	-0.0135623585110012
397.25	-31.8650204803607	-0.00399242524991073
397.5	-33.2436842488423	-0.0127357421786398
397.75	-44.6887003687477	-0.0248235327840128
398	-54.1530652681664	-0.0319149125118744
398.25	-50.3745511924933	-0.0153657855214592
398.5	-32.532937004387	-0.00561460180249369
398.75	-10.8308862287825	0.00579613669988886
399	0.766596293814118	0.0162120146116213
399.25	-4.89627604473097	0.00812587049226163
399.5	-22.0048082884405	0.00183908577864285
399.75	-37.0760236374073	-0.014799973013571
400	-1.60609448106746	0.0146697515633027
400.25	4.91135638666535	0.0157883916005791
400.5	18.7406465874887	0.0329900843755138
400.75	30.6093241427435	0.0225666704540748
401	31.6261948428968	0.0112032840543063
401.25	23.1863416872302	0.0161258923264024
401.5	9.52178854140746	0.0143568324012597
401.75	-11.1095787670069	0.00212987409904051
402	-35.8054006268564	0.00086838320589658
402.25	-54.4581460162242	-0.0148151722684526
402.5	-65.5085392031488	-0.0106577038646799
402.75	-74.9532238672544	-0.0170136337074
403	-82.4215583502945	-0.0175496382359368
403.25	-83.1562441955631	-0.0175731935596867
403.5	-75.0888585987578	-0.0196079682908995
403.75	-58.9508033770901	-0.00566384481471577
404	-40.4028866582353	-0.00435307931689197
404.25	-26.9530257272706	0.00164313402385596
404.5	-19.3482233399918	-0.00135087772882279
404.75	-17.6328390725647	-0.00494048125353507
405	-25.9128213312935	-6.1033971852587e-05
405.25	-39.3676598137464	-0.00696207373542855
405.5	-42.5882991052487	-0.00801846558641285
405.75	-29.0498182974598	0.00283473586097075
406	-12.276816291866	0.00665282639560383
406.25	-7.98410249757108	0.00267258825978928
406.5	-12.5518127517374	0.00141878111893789
406.75	-11.3919932696747	0.00315388741830459
407	1.83458006640834	0.0089112812717334
407.25	22.6178739957899	0.0192251704191521
407.5	43.2651670356841	0.0146733763977077
407.75	55.0979239327719	0.0105183214620034
408	48.9367831304199	0.0083047167887474
408.25	21.8944698706844	0.000391895887020246
408.5	-20.3387116602018	-0.00394339770039496
408.75	-65.3968375178365	-0.00849526091522132
409	-96.882500040383	-0.0101239048033326
409.25	-102.01092287664	-0.0178025668283698
409.5	-80.3507989860148	-0.0238075001534183
409.75	-44.4666961012687	-0.00584204004035882
410	-9.65777071689315	0.00701938998076784
410.25	14.5883056663906	0.0100404854764756
410.5	26.9849079205918	0.014049201924066
410.75	31.1164976829214	0.0103949146641831
411	26.7698172236052	0.00262774536029427
411.25	10.10493315586	-0.00176262734708808
411.5	-15.7825529844323	-0.00648438899370666
411.75	-40.1034836655653	-0.00684122956387588
412	-57.6096968220431	0.00316968590762025
412.25	-68.3147122912766	-0.0129947987908351
412.5	-65.8758580793552	-0.00272376044203058
412.75	-47.6754541875952	-0.00435875951338604
413	-25.6845690824422	0.00913086460750874
413.25	-11.9424940057182	0.00193686286038242
413.5	-6.5882765070885	-0.000517037657460278
413.75	-4.84075498181122	-0.00372293787698643
414	-3.86472115168594	-0.00279805852399446
414.25	-1.60185831324984	-0.00252834646966688
414.5	3.30665834387692	0.00574113942347745
414.75	11.2433982945091	-0.000732600682847646
415	20.1916252883237	0.0105098183851473
415.25	23.5589071355752	0.00115131251977174
415.5	15.2703908837012	0.00650677794231239
415.75	-2.2685546444941	-0.00284710311695882
416	-21.6738365488916	-0.00392615629671787
416.25	-37.5608244844373	-0.00469374428886335
416.5	-44.229560690801	-7.90674596834796e-05
416.75	-38.7575049827544	-0.00116163463687769
417	-24.9381100076463	0.00439079753259982
417.25	-7.04119977095545	0.00571571321657272
417.5	12.1442159419432	0.00170294942730134
417.75	27.585178969084	0.00979098953617813
418	31.8734708131889	0.0138736448524199
418.25	20.1894707762068	0.0015613881944944
418.5	-2.01938852135094	-0.00139363731975273
418.75	-19.8569583058748	-0.000680074522394355
419	-24.7720838261943	0.00834230845310382
419.25	-21.5764351867767	-0.00275863369703261
419.5	-18.4544191918392	-0.00253066854011558
419.75	-21.3818388829801	0.00326050531359693
420	-31.5165803466273	0.00044418893017347
420.25	-42.3373652276713	-0.00540030204839244
420.5	-45.6322393891701	-0.00390144629890272
420.75	-38.0639054425722	-0.000211830635740453
421	-23.8589706158297	-0.000975121815091176
421.25	-16.3058259172426	0.00421638922417714
421.5	-24.8348314001235	-0.003152127784397
421.75	-40.6849460787196	0.00140822701129596
422	-47.8982148754068	-0.00552577737027904
422.25	-42.1220475311487	-0.0125956201572907
422.5	-28.7138671698174	-0.0010272062692345
422.75	-13.0791918022953	0.00515125819853874
423	-1.7353742621449	0.00292208727196424
423.25	1.27988703830397	0.00161537981125045
423.5	-0.960165144501751	0.00274504583881851
423.75	-8.11310805552405	-0.00353221884416893
424	-24.132078225137	-3.12372967759167e-05
424.25	-44.7355683453018	-0.00293756391788838
424.5	-60.6363553820505	-0.0088807066580219
424.75	-69.3475108414639	-0.00767183944379275
425	-111.797360611765	-0.0447340596594072
425.25	-106.675164313893	-0.0583964761725413
425.5	-93.4069394931331	-0.051308725863645
425.75	-76.8027505181581	-0.041413206533376
426	-65.9175290734298	-0.0294692816960524
426.25	-64.0831106163794	-0.0280988742238495
426.5	-67.0587609402438	-0.0324505581406822
426.75	-73.5354637505634	-0.0433052369515618
427	-84.7300423067093	-0.0474694774303553
427.25	-96.4757215053504	-0.0447435217889468
427.5	-101.674023922267	-0.0466376491927028
427.75	-95.7900495276536	-0.0430343116955777
428	-80.4701409388642	-0.0407646958205001
428.25	-66.0858065740184	-0.0311091955496132
428.5	-62.8535390948112	-0.0201192519594946
428.75	-70.6280006829364	-0.0343240712673251
429	-82.4487904354599	-0.0334774967364766
429.25	-90.6557171608331	-0.0412615161911511
429.5	-90.32170848837	-0.0449578443697403
429.75	-81.6824201079738	-0.0320744090632754
430	-66.2292922431502	-0.0332805488562295
430.25	-46.3718493047122	-0.0188525281931656
430.5	-32.1243586856599	-0.00455324827803577
430.75	-32.793721680016	-0.00545350942136036
431	-44.7657151943874	-0.0230970740059414
431.25	-61.7862150179082	-0.0278363363828909
431.5	-81.9722257083168	-0.0443049440568631
431.75	-100.437690858152	-0.0748303376733588
432	-110.884515591275	-0.0675383195992388
432.25	-111.853374864016	-0.0690328527211582
432.5	-107.920642228238	-0.0838126132022318
432.75	-103.208595402578	-0.072454614244815
433	-95.8643380081913	-0.0696494747561356
433.25	-84.9384420175621	-0.0539272274762932
433.5	-74.6680817831884	-0.0484096678071877
433.75	-67.2277970484487	-0.0424955903733829
434	-62.0575249629589	-0.0248628739578779
434.25	-62.2590842615884	-0.0313522256220913
434.5	-69.2029384888806	-0.0327035765656158
434.75	-79.2218581817979	-0.0345398957151106
435	-89.3394681461749	-0.0533377531457713
435.25	-96.1233633906008	-0.0644365553843334
435.5	-95.5164836532279	-0.0662225187061243
435.75	-86.4819999381865	-0.0412514130335506
436	-70.9652627583687	-0.0287867526329412
436.25	-52.7577002334839	-0.0235029647781156
436.5	-36.1300864547074	-0.0166151446601884
436.75	-24.6248288336937	-0.00918005187304636
437	-21.9401836503185	-0.00832705288167194
437.25	-29.2047500319219	-0.00282782537267085
437.5	-40.9005536388993	-0.0157764297833311
437.75	-50.2501708010176	-0.0317227865288062
438	-56.9417714738703	-0.0272824609327583
438.25	-64.0806821022488	-0.0522760157143859
438.5	-68.7520026256823	-0.0533077901374147
438.75	-63.8290760494971	-0.0406838717149415
439	-49.4579231775878	-0.0218089934786114
439.25	-32.6099776108831	-0.011392346449273
439.5	-20.6472397128438	-0.00470800928418097
439.75	-21.8821523373295	0.000629035394240069
440	-39.0626429721384	-0.0211201811800736
440.25	-63.0841155771303	-0.0356575324490905
440.5	-82.5153210854941	-0.0617601424941971
440.75	-91.7425639458694	-0.0453020805136062
441	-89.0094367793256	-0.0605448272224204
441.25	-76.1489424124259	-0.0639803801986782
441.5	-59.0510783587166	-0.0391628095673436
441.75	-43.1108262179119	-0.0205591551726746
442	-31.3932520508915	-0.0171720934163494
442.25	-25.827586965407	-0.00812526912895506
442.5	-27.8516079529385	-0.00901676301921935
442.75	-37.3845920792684	-0.015285797970526
443	-50.6104046392861	-0.0415406162914005
443.25	-64.945883064147	-0.0429210077110181
443.5	-79.639688262913	-0.0648618064647708
443.75	-89.0923528780679	-0.0607156109404008
444	-85.9403548208411	-0.0780479933206693
444.25	-70.4242363248333	-0.0643497751027692
444.5	-54.113623771912	-0.0302639382863612
444.75	-48.2312905460212	-0.0309099111513127
445	-51.0764585989797	-0.0354469589567559
445.25	-54.6014941761624	-0.0342440358562251
445.5	-55.3345930847259	-0.0310258198540513
445.75	-54.1404836338342	-0.0397171464166447
446	-52.6704056513149	-0.0252449384448392
446.25	-55.7267497779739	-0.0281078087269021
446.5	-67.492892557078	-0.0499355127123713
446.75	-84.0448266669315	-0.0513416984054637
447	-100.567739478018	-0.0627940795047516
447.25	-115.666347166305	-0.0911308652629312
447.5	-123.433307922499	-0.102625573787501
447.75	-117.753187715116	-0.0739835517972717
448	-103.587266374423	-0.0661108398824208
448.25	-92.5712891671769	-0.0698952767794924
448.5	-89.6267519476658	-0.0555427927246787
448.75	-88.5570604660564	-0.0581742822631526
449	-81.7921394040611	-0.0545756200570687
449.25	-69.012855855204	-0.0409416360944358
449.5	-55.4715038831597	-0.024381446857392
449.75	-47.4114412978634	-0.0151435112677058
450	13.3340375417555	0.0182779305675601
450.25	10.6258411285329	0.0234837884664814
450.5	8.89238601007666	0.0256604518012298
450.75	9.74978750252694	0.0314184379573256
451	12.3666258031065	0.0285838708990992
451.25	13.5094552921524	0.0313445483108098
451.5	9.59164108541539	0.0251976276303448
451.75	0.860693311392161	0.0171331953085127
452	-7.52029793718118	0.0081546211274906
452.25	-11.9092224182036	0.0147973308379585
452.5	-14.8127602696705	0.00203235529443003
452.75	-19.5366313642186	0.0073038102877091
453	-26.4545366401863	-0.00799513721089238
453.25	-30.5768027600158	-0.0156264116421394
453.5	-25.0147179135166	-0.00703827833369895
453.75	-11.3202564279191	0.0124266427935102
454	3.1515858277246	0.0261655685781096
454.25	14.0797817203486	0.0387168704869717
454.5	19.0016264003169	0.0489185149337356
454.75	14.0212294480522	0.0219099887123441
455	0.462782281845662	0.0242382944037928
455.25	-11.4470439224919	-0.000502862979770271
455.5	-14.1016948329557	0.0103281035850101
455.75	-9.54375080439941	0.00750073958872972
456	-4.4030599006707	0.0168414074819365
456.25	-3.19875328164224	0.0155924420808714
456.5	-5.93324444788679	0.015187657501802
456.75	-13.9936050901916	0.010261632360856
457	-29.5265612200604	-0.00674783789344773
457.25	-48.0104465204408	-0.0287544734092289
457.5	-60.7047302126262	-0.041114249375867
457.75	-58.7854337708256	-0.0484480229635354
458	-39.3096407888494	-0.0272902574343528
458.25	-13.8620918104012	0.00739078646995713
458.5	-0.0110350904916885	0.0175906526793806
458.75	0.535927299021587	0.0175125700671207
459	2.34266340810208	0.0284266662211472
459.25	12.0571468833398	0.0342559907859199
459.5	20.6700595566023	0.050960008417807
459.75	18.8192221824691	0.0488973903277593
460	4.46191911594346	0.0153946550613856
460.25	-18.8695723777314	0.00206777288096995
460.5	-40.6053472516247	-0.0221150127858998
460.75	-50.2750788904467	-0.0342416983059895
461	-48.2002360337249	-0.0309698624143005
461.25	-39.5772392974166	-0.00923638696888991
461.5	-29.4522476032562	-0.00396581364150305
461.75	-24.0450716670639	-0.00750281864839706
462	-22.254504180455	-0.00489375443350869
462.25	-14.8509710811903	0.00333835964678454
462.5	0.613922980242457	0.0130867097940741
462.75	13.4839525907445	0.0361314992307307
463	10.7738618418349	0.0293159505980397
463.25	-7.20973854193489	0.0145600925846484
463.5	-25.1180569600308	-0.00842357150039788
463.75	-30.287439355441	-0.00926895865225436
464	-25.4091539515035	-0.00879726055894886
464.25	-18.3958860315726	-0.00165251860359732
464.5	-11.6143464416672	0.00632302340184817
464.75	-6.8484494678907	0.0160810817608338
465	-6.04556228443597	0.0148587800355719
465.25	-6.43194079630518	0.0197463630441952
465.5	-6.76846898412762	0.0132300847037809
465.75	-12.8310528048546	0.00253192103379462
466	-29.1310071423702	-0.0141608843555669
466.25	-49.8066680890302	-0.0213651004426116
466.5	-63.4749205622465	-0.0356542558002657
466.75	-64.389584611514	-0.0425439975202581
467	-54.7860284741541	-0.0214285240040889
467.25	-40.9275285698464	-0.0215655191316089
467.5	-26.7669380273518	-0.00575343299074028
467.75	-8.49304327472608	0.00513377375072011
468	17.0578229654717	0.0334785451619243
468.25	39.4855113333205	0.0291244550489483
468.5	42.0161713569679	0.0252538105673987
468.75	21.8926864948923	0.0190691116902579
469	-5.5695844262963	0.00754940260395026
469.25	-24.3744181145736	-0.000720266047600728
469.5	-27.9133049209079	-0.00453190582524794
469.75	-16.1124217879223	0.00293413220650206
470	3.69968997502397	0.00741517502873206
470.25	18.8452716759892	0.0122868451446379
470.5	21.3788117865802	0.015226318528716
470.75	15.5898643531848	0.0157950822370189
471	10.4465570291169	0.0141549330211702
471.25	7.8990475078364	0.00458669780337029
471.5	6.2017719355878	0.00974408340319683
471.75	3.26909749028567	0.00243206038682981
472	-6.27957790694342	0.0100457023023984
472.25	-25.2979686832443	-0.00398518929147566
472.5	-48.4198616110824	-0.00818934991030852
472.75	-67.7720950086404	-0.0262295081086706
473	-76.9610900112735	-0.0164044511329419
473.25	-69.8092209709177	-0.014423641542684
473.5	-46.4314064647036	-0.00861159835624317
473.75	-17.0935640939165	-0.0041848202320753
474	8.65926730172998	0.0078027751421123
474.25	27.8113106114147	0.0138666333919927
474.5	37.6681862403875	0.0116537457252333
474.75	38.6405181786787	0.00793315765412048
475	-22.5417701763998	0.000187869199275718
475.25	-22.3974027770792	0.00870169430720888
475.5	-24.3119076428526	0.00465005061842626
475.75	-32.3609041387676	0.00533631900487114
476	-46.2134878147226	-0.000854536067980474
476.25	-60.100574815299	-0.00790815017749406
476.5	-69.127370430247	-0.00633870973749827
476.75	-73.822137360217	-0.0115280820630666
477	-74.0825973441633	-0.016180472947225
477.25	-67.9289795844986	-0.0111264161164738
477.5	-56.7615873234593	-0.00297030561374627
477.75	-43.9904911119398	-0.00380578675238469
478	-32.9126172742956	0.000888162599279718
478.25	-28.194553562287	-0.00932488258696935
478.5	-34.0565852948943	-0.000419468918815391
478.75	-49.4672360771396	-0.00250368450349766
479	-69.6795167562489	-0.00775911491294909
479.25	-89.4232633957653	-0.0159569055602374
479.5	-102.464236043216	-0.0310118406054985
479.75	-105.05252913101	-0.037855044856414
480	-97.161560811765	-0.0348482067485343
480.25	-82.0599806729342	-0.0205786347964575
480.5	-65.8264859733998	-0.0173581738335745
480.75	-50.8552993024268	-0.0160319289391895
481	-37.1930786023635	-0.0119630182542738
481.25	-25.2329594782278	0.00795928373283558
481.5	-12.1529600833602	0.00327761112616421
481.75	1.97776859815846	0.0173840925296435
482	10.8410281397315	0.0141270416200585
482.25	9.33483365547944	0.0113303103831041
482.5	-1.37115175729936	0.00802960678878972
482.75	-15.0509113207367	-0.00100703257758078
483	-26.5137566579673	-0.00638684318675507
483.25	-34.1658646455632	-0.00675743575415614
483.5	-38.1253532889648	-0.0071301184518453
483.75	-41.0488650219826	-0.015034676690874
484	-47.7473940459529	-0.0162919719307266
484.25	-59.8350725921748	-0.0209617437046037
484.5	-71.2155172442762	-0.0288733429445179
484.75	-72.1934316341621	-0.0316751672826953
485	-59.9209131409978	-0.0204958433897767
485.25	-41.6707804119331	-0.00309405057319983
485.5	-25.9146312144502	0.00415660477483055
485.75	-16.2397215725047	-0.000178446439035746
486	-16.1736343132296	-0.00210996686741383
486.25	-28.1238091549563	-8.19767241930572e-05
486.5	-48.8101364227083	-0.0184374360536038
486.75	-72.2237956426463	-0.0212136523041368
487	-90.7715017733046	-0.0190700894024439
487.25	-100.052198682005	-0.0299731826743766
487.5	-101.717500105863	-0.044200037433491
487.75	-94.9535476428735	-0.0389688954180915
488	-78.7204878038914	-0.0259719336429685
488.25	-60.5218425099792	-0.0213614738417671
488.5	-49.1863639060971	-0.0146373771076751
488.75	-44.2176156002161	-0.018144420086992
489	-39.7144352014274	-0.0100948921411766
489.25	-36.7622737536024	-0.00049959745096176
489.5	-42.1759735029623	-0.00958327398662291
489.75	-55.0443465940265	-0.0298424794254976
490	-67.8066812527579	-0.0311928192945284
490.25	-75.7013472094031	-0.033429868911423
490.5	-76.2977935986889	-0.0268663234102423
490.75	-68.6431940722059	-0.0205655282124198
491	-56.137225442267	-0.0296232104941185
491.25	-45.2144450748802	-0.0152988555955231
491.5	-40.4473078740528	-0.0169231472359307
491.75	-42.4586645071602	-0.0162572888988896
492	-50.9415245578642	-0.0156157028669059
492.25	-66.3431373218217	-0.0215989220244556
492.5	-86.3556439882212	-0.0411073901543498
492.75	-101.77781460006	-0.0453512184089191
493	-100.63695630407	-0.0561992478971135
493.25	-79.8556292462657	-0.0417300119438831
493.5	-49.9088503944178	-0.0232146581810881
493.75	-25.4167193226488	-0.00313906257890797
494	-14.6026466457764	0.00613855047681673
494.25	-19.6501127999903	-0.00143004848353152
494.5	-37.9984428127882	-0.0216369267932649
494.75	-61.0723093171032	-0.0280933674694261
495	-78.1178120569413	-0.0427089265928743
495.25	-82.0663375971871	-0.0365727268228713
495.5	-73.6951640625538	-0.0454764373447477
495.75	-60.528307149596	-0.0259765928941323
496	-51.2676425671519	-0.0267250857107049
496.25	-51.7576467173119	-0.0218823172921587
496.5	-60.6361532486677	-0.0277174424137894
496.75	-67.8067414368655	-0.027864577734882
497	-63.6430039451618	-0.0310946261396478
497.25	-49.7588463809792	-0.0205572606973225
497.5	-35.1860583251168	-0.0102420890994585
497.75	-25.6408415669689	-0.00319389134035237
498	-21.0534842857956	0.00264507007129026
498.25	-18.2628310035149	0.00386708404738527
498.5	-14.4875850634504	0.00357450566274725
498.75	-8.28121071754659	0.014101828802298
499	1.96214246551477	0.0222485027700851
499.25	15.3227937136621	0.0311633848376864
499.5	22.9380353041718	0.03750918095042
499.75	13.3591189724407	0.0153538940592194
500	65.1000984532154	0.0435116504947842
500.25	28.034786341477	0.0187078519718353
500.5	-2.05804795892011	0.00636648795315929
500.75	-16.6962679149406	-0.00142937311180824
501	-22.804573615851	0.00225423521029879
501.25	-25.3835192208223	-0.00610748751022971
501.5	-18.9164014326645	-0.00662724063717007
501.75	-0.517865617667809	0.00731082679826782
502	24.5908172506002	0.00935221027457656
502.25	47.7746889827126	0.018388549583384
502.5	60.9187171717408	0.00021258664197997
502.75	58.7570175942032	0.00192470347239371
503	41.8079428417617	-0.000796080065725047
503.25	17.5579372728298	-0.0015380285458421
503.5	-3.00322670246084	0.00126733519811092
503.75	-14.4406715811286	0.00412821662193218
504	-19.9484752397284	0.0093735759336651
504.25	-19.3600167986921	0.0087918678220434
504.5	-8.20390496770531	-0.00948892001177409
504.75	10.1507854019309	0.00397629396749846
505	27.4192496531231	0.00259511342386414
505.25	39.4117227985587	0.00307461757465592
505.5	46.7546048515011	0.00550941255217792
505.75	50.7153947678951	0.0010476878003905
506	50.0914524784919	-0.00658440952374309
506.25	44.5965637927151	-0.00250142861817849
506.5	37.5564065059936	-0.00214908965332287
506.75	33.3238987126055	1.46859817444422e-05
507	35.5109252127993	0.00156468395585937
507.25	42.9323262664224	-0.00137604151531354
507.5	46.0369840928179	-0.00420227927661393
507.75	38.1314966300248	-0.00104517014056194
508	23.6325188022202	-0.00620612313590295
508.25	7.05872213026086	0.00782889408864743
508.5	-8.51017874596303	6.88022414595585e-05
508.75	-13.0486232355432	-0.00224968974216486
509	0.567610605837984	-5.92721749866232e-05
509.25	24.1569597673581	-0.000735880450975356
509.5	42.1553397675336	0.00628413298228978
509.75	46.8926274401994	-0.00186896817471305
510	39.6569297553688	0.0046597702601401
510.25	20.9778251558026	0.000818722184798768
510.5	-8.29365251564208	-0.00667185368753021
510.75	-38.7487915438761	-0.00364095909967114
511	-58.0573902893468	-0.00114862706467834
511.25	-65.0647941518392	-0.00408270780105184
511.5	-67.4991625248338	-0.00318834032842779
511.75	-65.2072047735695	-0.00413824519525068
512	-52.3172577047886	0.000103383481461454
512.25	-32.8483977186304	6.22927113509036e-05
512.5	-15.5329537556779	-0.0071762006517364
512.75	-1.93732225415897	0.00171554084020545
513	11.4196012382062	0.00672213498258
513.25	26.2463247643555	0.00539897459126782
513.5	41.2758740927308	-0.000949740652490035
513.75	54.6730078861533	0.0020714178979348
514	62.4062325807845	-0.00683281376374019
514.25	59.2906282991062	-0.00255819758643236
514.5	44.7920220669531	-0.00509566962732227
514.75	24.6061442610207	-0.00141385058070676
515	7.97554209237346	0.000126677154740283
515.25	0.385561261459053	-0.00238998180993326
515.5	-1.51688189461934	0.00530559105624171
515.75	-2.64560745140888	-0.00841687465524544
516	-2.47573331490185	-0.00299525899766425
516.25	0.661059565971399	0.0111410919863532
516.5	7.4250901857982	-0.000179865480817895
516.75	19.4284268227105	0.00385159812152838
517	35.5868173936183	-0.00164320774823002
517.25	52.2690823428634	0.00465623210322565
517.5	63.7450304993195	0.0033438988815363
517.75	61.768653532246	0.0034657285308864
518	45.3103178361359	-0.00116422373496005
518.25	24.7562631407896	0.00147535256196546
518.5	12.0499477392583	-0.00354758235966107
518.75	10.196640484059	-0.00152876318836046
519	13.7127274581699	0.00671078628118369
519.25	16.6807045966917	0.00175945196579421
519.5	17.6697085567507	-0.00374268547829657
519.75	18.1671835087271	-0.000458642922768479
520	19.8675910002795	-0.0012789660290094
520.25	23.4414345807429	0.00598585933447704
520.5	26.0343036478821	0.00995838651364032
520.75	25.5476463182428	0.00330407538405318
521	25.5915296429701	-0.00378675520465633
521.25	29.0045094473464	0.00722193250595413
521.5	36.7225468040783	-0.00483557099846225
521.75	49.7093229877755	-0.00295429166553713
522	60.4226625613502	0.00829911538066506
522.25	58.1356971776021	0.00218217734870884
522.5	44.5148488195166	0.00499491387748236
522.75	26.3404000465456	0.00159125069294588
523	6.25559178921536	-0.000651325145436124
523.25	-7.69779515648031	-0.00254282177408133
523.5	-5.93180370266393	0.00590997870732024
523.75	6.83429714706898	-0.000803499230376221
524	19.4008179754555	0.00151624691758486
524.25	28.933959779744	0.00247221451243146
524.5	34.8941954517332	0.00168819167566748
524.75	34.2834043978443	0.00376786840651036
525	-52.1382872126671	0.0064778172151129
525.25	-62.2236954066532	0.00171776238781428
525.5	-73.8131308790072	-0.00239351812077888
525.75	-81.9368297352046	-0.00522209913413602
526	-82.3495975936925	-0.00469204908294788
526.25	-73.0782539956404	-0.000415615869655242
526.5	-58.2760641446563	-0.0110414356590121
526.75	-46.8812019495899	0.00256405904081756
527	-40.8040047465838	-0.00704725311387252
527.25	-39.4261148866904	-0.00157198363725368
527.5	-45.9110894519452	-0.00361708151848862
527.75	-56.9053215626154	-0.00324091715452898
528	-65.7270365820282	-0.0094187154691702
528.25	-72.6647515197678	-0.00281599295839853
528.5	-78.7518676694033	-0.00529652908587926
528.75	-80.0980058268515	-0.0163712358554509
529	-73.0764503319895	-3.34510020359368e-05
529.25	-60.4572288454772	-0.0124792150808196
529.5	-47.8786710736392	-0.00486645933560993
529.75	-37.2498400695072	-0.0100996996345594
530	-31.9556964131511	0.00109660570926746
530.25	-39.4400861985845	-0.00719657391593478
530.5	-57.7719901829316	-0.00682239402638779
530.75	-71.2182314867971	-0.00466554827892352
531	-68.10943301152	-0.0139209954047812
531.25	-52.1858027239953	-0.00744796271941984
531.5	-33.4319102838608	-0.00165644570424194
531.75	-17.8921371603143	0.00247239928324548
532	-7.78678746717333	0.000314235877259109
532.25	-4.79892512602738	0.0108762050282785
532.5	-9.14865117753367	0.00369234487413675
532.75	-18.7545657936317	-0.00317108210046932
533	-30.0639044659407	-0.00195892570760742
533.25	-37.324275304868	-0.00106262846071645
533.5	-37.4677642279406	-0.00393665906967814
533.75	-36.0201001891592	-0.00934522950346904
534	-40.8536622241583	-0.0103061909246328
534.25	-52.3694525581606	-0.0110603875087643
534.5	-66.4197440263987	-0.0184052477882138
534.75	-81.0903951576562	-0.015845636140055
535	-95.1222582543869	-0.0298057926115845
535.25	-108.50456275149	-0.0499659557584288
535.5	-120.884644589153	-0.0747361996057415
535.75	-126.679926211659	-0.0846072983694931
536	-122.927489513358	-0.11177532817592
536.25	-116.705733598463	-0.0996968881342354
536.5	-111.667873554951	-0.0990442491117485
536.75	-100.222559286701	-0.0843330968049
537	-81.6716745559318	-0.059905695527615
537.25	-66.0078646393871	-0.0480718097436759
537.5	-59.2779769777391	-0.0377401818624485
537.75	-60.2072429463936	-0.0268277666897002
538	-63.4404802965394	-0.0439008754109306
538.25	-65.6078766873806	-0.0511699460637225
538.5	-68.5546477571991	-0.0400318601810904
538.75	-75.4054934201672	-0.0476296367763343
539	-85.2204473213571	-0.039049092969263
539.25	-91.3288006406417	-0.048479004299896
539.5	-87.5637592843556	-0.0640825455524238
539.75	-73.071368678216	-0.0491693650871931
540	-52.3014025358027	-0.0309469926069493
540.25	-33.5226535920535	-0.0165335300735005
540.5	-21.1453506597618	-0.0112636636267525
540.75	-13.3430572632528	0.00983279583660897
541	-8.2058299823359	0.0126649525548134
541.25	-3.78233286156097	0.0156499481848257
541.5	2.49575047431218	0.0249904148213071
541.75	7.92008421544315	0.0291626159707508
542	3.44089418685348	0.0264437198875422
542.25	-14.6781284795598	-0.000534528902682168
542.5	-37.9301052086335	-0.0196736545051511
542.75	-54.1617378327089	-0.0402709704284341
543	-56.8393266905167	-0.0292982460141058
543.25	-48.7809985143778	-0.0334245195146586
543.5	-37.9210644357302	-0.0159831553332444
543.75	-32.1359454296019	-0.0109762767026771
544	-38.932002679723	-0.0178594317877107
544.25	-57.5172893893624	-0.0406243229868253
544.5	-78.9303132645532	-0.0410710412450088
544.75	-98.0247409270695	-0.0824036122292591
545	-111.043356504171	-0.101886284056738
545.25	-111.352706553255	-0.0931313436534284
545.5	-96.9659074107959	-0.0861010955048805
545.75	-72.8487715087174	-0.0498702971348105
546	-44.9193180690882	-0.0255592779515894
546.25	-21.1010300298869	-0.00273200008133845
546.5	-11.7350348400997	0.00460096652213901
546.75	-17.9207717193924	-0.000420990538273883
547	-30.8242262936593	-0.0158009386219706
547.25	-43.5909096082647	-0.0273465402803672
547.5	-55.5732892435328	-0.0395485924946884
547.75	-67.8044510014415	-0.0456690838838207
548	-77.1102874708653	-0.0586036404086525
548.25	-78.7995114170211	-0.056301067379486
548.5	-71.6642632534537	-0.037672012635634
548.75	-54.9212746206675	-0.0340813217720232
549	-28.6783471658327	-0.0112950334869308
549.25	-0.950793738130059	0.0215456727167864
549.5	14.4320930308878	0.0274430926423725
549.75	11.2047919207219	0.0257075633562488
550	-60	-0.0236928629307415
550.25	-60	-0.0289119768630844
550.5	-60	-0.039462549208518
550.75	-60	-0.0356662404516887
551	-60	-0.0315586901476861
551.25	-60	-0.0376617559757407
551.5	-60	-0.0395054655546157
551.75	-60	-0.0282236477203245
552	-60	-0.0240253066116873
552.25	-60	-0.0279204061663871
552.5	-60	-0.0213793160554041
552.75	-60	-0.030073788316302
553	-60	-0.0294439420935991
553.25	-60	-0.0304000656943558
553.5	-60	-0.0344648047555629
553.75	-60	-0.0282043750365687
554	-60	-0.0225714454120131
554.25	-60	-0.0199666349865988
554.5	-60	-0.0308984623897344
554.75	-60	-0.0303644100330675
555	-60	-0.0268439025047345
555.25	-60	-0.0325643749642156
555.5	-60	-0.0249931379552528
555.75	-60	-0.0194641744305094
556	-60	-0.0279380273576575
556.25	-60	-0.0182544232697509
556.5	-60	-0.0203325688780102
556.75	-60	-0.0358822910184661
557	-60	-0.0225695496754875
557.25	-60	-0.0329704016525244
557.5	-60	-0.0183279362873081
557.75	-60	-0.0321245039332606
558	-60	-0.0268909871532627
558.25	-60	-0.0267282516497802
558.5	-60	-0.0257353921123145
558.75	-60	-0.0237843484839373
559	-60	-0.0291923877694165
559.25	-60	-0.0195572368681539
559.5	-60	-0.0275884508331072
559.75	-60	-0.0316848310230082
560	-60	-0.0286465778819138
560.25	-60	-0.0205412923606363
560.5	-60	-0.0302270400631048
560.75	-60	-0.0169418706012673
561	-60	-0.027086498323181
561.25	-60	-0.034568557800008
561.5	-60	-0.0296799916497072
561.75	-60	-0.0279548606782014
562	-60	-0.0201454970404938
562.25	-60	-0.0331553618275448
562.5	-60	-0.0227936578247131
562.75	-60	-0.0315428592501819
563	-60	-0.0273363140946251
563.25	-60	-0.0216690402773499
563.5	-60	-0.0318497641322538
563.75	-60	-0.0293124718897788
564	-60	-0.0217918503685688
564.25	-60	-0.0350173484251583
564.5	-60	-0.0313374845773283
564.75	-60	-0.025718259611698
